3.50398999023 2.58990429687
3.50392010498 2.58970892334
3.50298400879 2.58811816406
3.50113806152 2.58500518799
3.49842004395 2.58193774414
3.49605163574 2.57795184326
3.49324438477 2.57365515137
3.49019549561 2.5700213623
3.4875557251 2.56576165771
3.48415698242 2.56162036133
3.48179022217 2.55772259521
3.47887841797 2.55327380371
3.47558209229 2.54976031494
3.47323608398 2.54561242676
3.47015093994 2.54128149414
3.46742315674 2.53753033447
3.46496569824 2.53332617188
3.46154864502 2.52950756836
3.45909033203 2.52536468506
3.45623083496 2.52098562622
3.45292236328 2.51738772583
3.45059661865 2.51309161377
3.44743011475 2.50905743408
3.44455401611 2.50517645264
3.44204638672 2.50076040649
3.43866174316 2.4971295166
3.43611877441 2.49280319214
3.43326617432 2.48896954346
3.43001586914 2.48523791504
3.42766210938 2.48093429565
3.42473498535 2.47774481201
3.42141711426 2.47356829834
3.41925549316 2.46974707031
3.41630511475 2.46639447021
3.41315600586 2.46215808105
3.41091235352 2.45899203491
3.4080748291 2.45543157959
3.40516394043 2.45137457275
3.40301116943 2.44864971924
3.40004388428 2.44484051514
3.39725622559 2.4411005249
3.39516870117 2.43849432373
3.3924072876 2.43495690918
3.38938104248 2.43118939209
3.38747644043 2.42869137573
3.38505944824 2.42556567383
3.38192224121 2.4216796875
3.3796730957 2.41901434326
3.37716259766 2.41550387573
3.37445294189 2.41214608765
3.37181323242 2.40920904541
3.36960827637 2.40603833008
3.36719793701 2.40262554932
3.36440527344 2.40014886475
3.36221246338 2.39681396484
3.36010089111 2.39365817261
3.35763275146 2.39123602295
3.35484576416 2.38818701172
3.35310235596 2.38500958252
3.35071252441 2.38237939453
3.34824645996 2.3796300354
3.34574230957 2.37660314941
3.34382165527 2.3738326416
3.34169177246 2.3714934082
3.33918280029 2.3686449585
3.33670709229 2.36548739624
3.33494042969 2.36353012085
3.33268444824 2.36088705444
3.33012414551 2.35788442993
3.32743731689 2.35522735596
3.32574414062 2.35311709595
3.32343774414 2.3502805481
3.32112255859 2.34751480103
3.31848260498 2.34540441895
3.31652471924 2.34306228638
3.31449066162 2.34039916992
3.31230712891 2.33790542603
3.31033703613 2.33627377319
3.30786230469 2.33360360718
3.30596276855 2.33096118164
3.30402355957 2.32894750977
3.30172711182 2.32683630371
3.29945629883 2.32460943604
3.29757098389 2.3220390625
3.29579571533 2.32023825073
3.29383825684 2.31829797363
3.2916887207 2.31614712524
3.28926312256 2.31367422485
3.28755340576 2.31197979736
3.28573651123 2.31014685059
3.28378387451 2.30805111694
3.2815401001 2.30574578857
3.27896722412 2.30379678345
3.27745733643 2.30230291748
3.27579095459 2.30039028931
3.27385467529 2.29817578125
3.27188470459 2.29640460205
3.26980096436 2.29489508057
3.26769616699 2.29312585449
3.26604516602 2.29111990356
3.26419628906 2.28909985352
3.26240679932 2.28778903198
3.26034289551 2.28606665039
3.25821759033 2.28424337769
3.25643438721 2.28220333862
3.25490881348 2.28067086792
3.25332598877 2.27919604492
3.25150604248 2.27749234009
3.24954547119 2.2756461792
3.24702679443 2.27378857422
3.24539685059 2.27261685181
3.24371832275 2.27105581665
3.24214404297 2.26945458984
3.24021166992 2.26764691162
3.23819512939 2.26603082275
3.23629888916 2.26491589355
3.23434124756 2.26348144531
3.23275274658 2.26184838867
3.23108294678 2.26014257812
3.22929748535 2.25873440552
3.22747546387 2.25752224731
3.22556408691 2.25628863525
3.22349768066 2.25478067017
3.22181530762 2.25307867432
3.22035601807 2.25188165283
3.21872924805 2.25073977661
3.21704797363 2.24950918579
3.21512322998 2.24809298706
3.21320141602 2.2466184082
3.2111784668 2.2454229126
3.20971228027 2.24421191406
3.20798114014 2.24222872925
3.20609320068 2.23966702271
3.20451556396 2.23823013306
3.20193713379 2.23564633179
3.19974847412 2.2338112793
3.19741638184 2.23156744385
3.19479925537 2.22936471558
3.19224890137 2.22759631348
3.18909136963 2.22537783813
3.18636602783 2.22410296631
3.18276934814 2.22203637695
3.17983099365 2.22104730225
3.17622583008 2.21916043091
3.17330865479 2.21786859131
3.16984002686 2.21628491211
3.16631195068 2.21492260742
3.1628916626 2.21396957397
3.15876574707 2.2126897583
3.15516131592 2.21230004883
3.15129248047 2.21096255493
3.14810449219 2.21036611938
3.14407037354 2.2093581543
3.14005957031 2.20891525269
3.13602502441 2.20856237793
3.13147338867 2.20787478638
3.12819390869 2.20765652466
3.12351318359 2.20695141602
3.11972509766 2.20734188843
3.1152522583 2.20737023926
3.11108068848 2.20705883789
3.10688903809 2.2069956665
3.10223284912 2.20702960205
3.09805249023 2.2078263855
3.09357421875 2.20747860718
3.08979803467 2.20811434937
3.08509136963 2.20861703491
3.08048620605 2.20926519775
3.07670501709 2.20949111938
3.07181677246 2.20982162476
3.06791235352 2.21102523804
3.06300531006 2.21165457153
3.05924139404 2.21227667236
3.0548215332 2.21320315552
3.0498237915 2.21425769043
3.04621661377 2.21504910278
3.04134698486 2.21597937012
3.03707159424 2.21751379395
3.03277020264 2.21846194458
3.02828710938 2.2192901001
3.0244241333 2.22082843018
3.01947619629 2.22210293579
3.01579083252 2.22324032593
3.01119903564 2.22459689331
3.00647381592 2.22613476562
3.00293206787 2.22728799438
2.99799273682 2.22876147461
2.99364459229 2.23077386475
2.98965234375 2.23176339722
2.98472821045 2.23323907471
2.98098254395 2.23530065918
2.97620794678 2.23649682617
2.97210992432 2.2382277832
2.9676998291 2.24026907349
2.96283734131 2.24151623535
2.9592010498 2.24339099121
2.95427581787 2.24559558105
2.95002758789 2.24713442993
2.94650787354 2.24872692871
2.9412991333 2.2508710022
2.93763323975 2.252609375
2.93306555176 2.25442080688
2.92873077393 2.2565836792
2.92497833252 2.25810372925
2.92023187256 2.25988433838
2.91637158203 2.2623302002
2.91196112061 2.26400372314
2.90728463745 2.26584664917
2.90344699097 2.26835803223
2.89884783936 2.26987368774
2.89471987915 2.27216986084
2.89042367554 2.27454415894
2.88610995483 2.27583834839
2.88220678711 2.27823239136
2.87765606689 2.28053369141
2.87375231934 2.28208432007
2.86972528076 2.28435510254
2.86497390747 2.28659115601
2.86175897217 2.28835531616
2.85726226807 2.29063452148
2.85268536377 2.29284133911
2.84931390381 2.29461312866
2.84449884033 2.29718341064
2.84061477661 2.29931741333
2.83659814453 2.30134860229
2.83191546631 2.30376312256
2.82842935181 2.30578366089
2.82380163574 2.30802682495
2.81962789917 2.31053735352
2.81590951538 2.31219934082
2.81117614746 2.31441928101
2.80736880493 2.31724560547
2.80342355347 2.31894000244
2.79878250122 2.32136062622
2.79529666138 2.32378274536
2.7908057251 2.32573864746
2.7864864502 2.32867709351
2.78254702759 2.33066339111
2.7781184082 2.33285015869
2.77429815674 2.33585894775
2.77043521118 2.33767486572
2.76602185059 2.33999313354
2.76270388794 2.3428319397
2.7589390564 2.34464157104
2.75474755859 2.34694537354
2.7514901123 2.34939691162
2.7480848999 2.35123901367
2.7440345459 2.35348773193
2.74059542847 2.355740448
2.73731985474 2.35762084961
2.73349560547 2.36000616455
2.72970300293 2.36177377319
2.72693988037 2.3637338562
2.72310943604 2.36624313354
2.71959103394 2.36758883667
2.71628771973 2.36972412109
2.71286578369 2.37204815674
2.70961340332 2.37333383179
2.70559414673 2.37522665405
2.70263967896 2.37743933105
2.69934762573 2.37887268066
2.69556869507 2.38076037598
2.69182339478 2.38282382202
2.68919696045 2.38406494141
2.68541210938 2.38613482666
2.68173132324 2.38789068604
2.67859103394 2.38930163574
2.67496694946 2.39135726929
2.67172088623 2.39294067383
2.66758731079 2.3942411499
2.66429730225 2.39618945312
2.66070010376 2.39791644287
2.65732156372 2.39905908203
2.6532321167 2.40073114014
2.6501461792 2.40230645752
2.64675695801 2.40366400146
2.64307778931 2.40520147705
2.63901596069 2.40657537842
2.63605914307 2.40796914673
2.63225057983 2.40969067383
2.62827404785 2.41096533203
2.62485409546 2.41218511963
2.62136593628 2.41393896484
2.61767227173 2.41518914795
2.61392462158 2.41617803955
2.61036523438 2.41792047119
2.60680194092 2.41922354126
2.60345196533 2.42026452637
2.59900848389 2.42169732666
2.59601239014 2.42280895996
2.59246295166 2.42404278564
2.588640625 2.42551446533
2.58452468872 2.42617340088
2.58112814331 2.42756982422
2.57727508545 2.42911297607
2.57350164795 2.42975906372
2.56933529663 2.43072311401
2.56592428589 2.4323119812
2.56243722534 2.43292205811
2.55843710327 2.4338026123
2.55433065796 2.43483850098
2.55139212036 2.43546820068
2.54741116333 2.43642825317
2.5432359314 2.43723632813
2.53996954346 2.43761914062
2.53614071655 2.43871746826
2.53210028076 2.43952056885
2.52814013672 2.43979669189
2.52436233521 2.4408605957
2.52038690186 2.4414916687
2.51665475464 2.44192919922
2.51190341187 2.4427194519
2.50857345581 2.44314923096
2.50433779907 2.44387820435
2.49999819946 2.44449841309
2.4961729126 2.44454284668
2.49213989258 2.44542559814
2.48796112061 2.4459072876
2.48366073608 2.44592047119
2.47972363281 2.44689178467
2.47565542603 2.44721969604
2.47139312744 2.44739736938
2.46667645264 2.4479956665
2.46314630127 2.44817419434
2.45853787231 2.44851751709
2.45379550171 2.44877740479
2.45023828125 2.44902664185
2.44549487305 2.44948077393
2.44070089722 2.44933312988
2.43700906372 2.44963778687
2.4321395874 2.45003823853
2.42785095215 2.44969784546
2.42355419922 2.44996243286
2.41878829956 2.45043106079
2.41460494995 2.44990142822
2.41007391357 2.45026846313
2.40570965576 2.45059289551
2.40136502075 2.45008816528
2.39661248779 2.45040640259
2.39228231812 2.45058685303
2.38825650024 2.45000192261
2.38349383545 2.45050271606
2.37898019409 2.4504937439
2.3744487915 2.44994418335
2.37026644897 2.45041915894
2.36552490234 2.45023278809
2.36110220337 2.44976339722
2.35667355347 2.45026913452
2.35201141357 2.44981677246
2.34747543335 2.44973944092
2.34313174438 2.45010079956
2.3386048584 2.44948373413
2.33414697266 2.44967831421
2.32960769653 2.44995770264
2.32505697632 2.449246521
2.32084069824 2.4496328125
2.31604006958 2.44989401245
2.31161276245 2.44917642212
2.30733615112 2.44957208252
2.30242739868 2.4497019043
2.29813647461 2.44917398071
2.29379669189 2.44953527832
2.28886459351 2.44950588989
2.28462261963 2.44935769653
2.28013571167 2.44963931274
2.27538896179 2.44937130737
2.27101434326 2.449328125
2.2665955658 2.44971316528
2.26184869385 2.44919223022
2.25760910034 2.44944393921
2.25284719849 2.4498140564
2.24835983276 2.44918048096
2.24409420776 2.44944659424
2.23946438599 2.44983920288
2.23524615479 2.44910946655
2.23081085205 2.44946908569
2.22618887329 2.44971240234
2.22181396484 2.4492684021
2.21743411255 2.44955114746
2.21282667542 2.44966149902
2.20860383606 2.44911895752
2.20433435059 2.44944689941
2.1997661438 2.44947686768
2.19549423218 2.44910516357
2.19082757568 2.44950167847
2.18676074219 2.44936480713
2.18226623535 2.44894897461
2.17814930725 2.44944729614
2.17390924072 2.44926953125
2.16975585937 2.4489473877
2.16521122742 2.44931381226
2.16141156006 2.44903945923
2.15695565796 2.4487769165
2.15223355103 2.44901196289
2.14851722717 2.44864886475
2.1440776062 2.44830072021
2.13944490051 2.44846362305
2.13619609833 2.44828076172
2.13149272919 2.44810348511
2.12652021027 2.44783251953
2.12327835083 2.44751586914
2.11865480804 2.44728161621
2.11405870056 2.44706011963
2.11083198547 2.44685369873
2.10621058655 2.4465897522
2.10162669373 2.44630865479
2.09805415344 2.44603131104
2.09359669495 2.44584680176
2.08894493103 2.44559246826
2.08547805786 2.44522351074
2.08116661835 2.44496417236
2.07663800812 2.44480990601
2.07272099304 2.44417959595
2.06899200439 2.44419885254
2.06444296265 2.44401208496
2.06048336029 2.44324621582
2.05678097534 2.4431697998
2.05220986176 2.44302322388
2.04832792664 2.44217279053
2.04443258667 2.44214147949
2.04003387451 2.44206216431
2.03599938965 2.44121139526
2.03228997803 2.44124679565
2.02790021515 2.44121438599
2.02376232147 2.44039935303
2.02018302155 2.44036306763
2.01585652542 2.44040704346
2.01153429794 2.43956646729
2.00811096191 2.43942626953
2.00363169479 2.43923501587
1.99913647079 2.43864923096
1.99545637512 2.43845346069
1.99131768799 2.43819094849
1.98655518341 2.43788696289
1.98320694733 2.4375871582
1.97879100037 2.43738739014
1.97421208954 2.43702587891
1.97078232193 2.43673721313
1.96650780869 2.43646411133
1.96184585571 2.43612438965
1.95818266296 2.43577313232
1.95411242676 2.43549621582
1.94938621902 2.43516104126
1.94540055847 2.43496801758
1.94156420517 2.43458804321
1.93717253113 2.43427511597
1.93283181763 2.43411044312
1.92921309662 2.43373132324
1.92465410995 2.43321881104
1.92034824371 2.43341864014
1.91681008148 2.43284771729
1.91197226715 2.43241189575
1.90785912323 2.43270687866
1.90418888855 2.43217642212
1.89935024261 2.43163360596
1.89517438507 2.43208151245
1.89139224243 2.43155828857
1.88653447342 2.43101669312
1.88263002777 2.43145214844
1.87835035706 2.43100415039
1.87416413498 2.43044781494
1.87007893753 2.43086517334
1.86595078278 2.43039544678
1.86174165726 2.42982339478
1.85785982513 2.43022061157
1.8533327179 2.4301137085
1.84924415207 2.42949554443
1.84517683029 2.42987719727
1.8406594162 2.42972460938
1.83675522232 2.42909768677
1.83263668442 2.42943719482
1.82816556549 2.4294744873
1.82408898544 2.4287232666
1.82021995163 2.42904638672
1.81549668503 2.42908004761
1.81150335312 2.42842858887
1.80777538681 2.4286887207
1.80282860565 2.4288482666
1.7988288002 2.42823327637
1.79491593552 2.42846026611
1.79009220505 2.42853201294
1.78602628326 2.4280765686
1.78186299896 2.42830413818
1.77715494537 2.4284359436
1.77329398727 2.42814770508
1.76971038818 2.42822387695
1.76468952942 2.4282902832
1.76049441528 2.4282807312
1.75677321625 2.42833746338
1.75224240875 2.42829693604
1.7478225708 2.42849240112
1.74438871002 2.42834332275
1.73988994598 2.42809408569
1.73552716064 2.42865753174
1.73191147614 2.42834289551
1.72767325592 2.42801760864
1.72374718475 2.4284597168
1.71943218231 2.42872686768
1.71552902222 2.42824905396
1.7115976944 2.42869839478
1.70729678345 2.42904263306
1.70298316956 2.42869769287
1.6996234436 2.42906347656
1.69542758942 2.42940011597
1.6909857254 2.42946728516
1.68842211914 2.42962060547
1.68384854126 2.429756073
1.67970707703 2.42993655396
1.67616088867 2.43049325562
1.67240557861 2.43044668579
1.66820063019 2.43050320435
1.6648567276 2.43135101318
1.66055867767 2.43152548218
1.65690393066 2.43151123047
1.65344948578 2.43210385132
1.64956003571 2.43270996094
1.6453690033 2.43263684082
1.6420636673 2.43322375488
1.63841542053 2.43363806152
1.63397789764 2.43422210693
1.6312310257 2.43457305908
1.62724919891 2.43500836182
1.62330075836 2.43536340332
1.61984784698 2.43651742554
1.61618447113 2.43674737549
1.61263694 2.43694622803
1.60909568024 2.43798199463
1.6049292984 2.43899145508
1.60138007355 2.43909182739
1.59801857758 2.43996411133
1.59430817413 2.44083514404
1.59008647919 2.44167971802
1.58703266144 2.4423493042
1.58346244049 2.44310321045
1.57954451752 2.44383349609
1.57595029449 2.44531658936
1.57266797638 2.44588632202
1.5689603653 2.44657086182
1.56537119293 2.44770800781
1.56189730072 2.44908605957
1.55833846283 2.44953726196
1.55457648468 2.4505015564
1.5514103775 2.4517755127
1.54731710052 2.45327856445
1.54417804718 2.45342553711
1.54177881622 2.454440979
1.53725881195 2.45588739014
1.53324492645 2.45706671143
1.53035979462 2.45796295166
1.52670328522 2.45911254883
1.52255692291 2.46026983643
1.51941962433 2.46154745483
1.51583240509 2.46245782471
1.5120484314 2.4634677124
1.50822521973 2.46518673706
1.50484860229 2.46606219482
1.50095046997 2.46705444336
1.49710629272 2.468722229
1.49363330078 2.47010668945
1.48992010498 2.47108129883
1.48572937012 2.47256311035
1.48237924194 2.47436151123
1.47843301392 2.47521292114
1.47435491943 2.47662695312
1.47088766479 2.47850146484
1.46741088867 2.47948498535
1.46299133301 2.48080432129
1.45969454956 2.48266003418
1.45568460083 2.48385876465
1.45177737427 2.48498977661
1.44848480225 2.48688369751
1.44419070435 2.48848226929
1.44011221313 2.48958584595
1.43675076294 2.49148861694
1.43238806152 2.49305957031
1.42857006836 2.49412063599
1.42498135376 2.49617749023
1.42054666138 2.49776623535
1.4166697998 2.49886901855
1.41289749146 2.50090771484
1.40870126343 2.50241210938
1.40462863159 2.50365325928
1.40130062866 2.50547790527
1.39730081177 2.50705401611
1.39373730469 2.5077510376
1.39088433838 2.50927246094
1.38710580444 2.51100476074
1.38391256714 2.51169818115
1.3806072998 2.51289355469
1.37795455933 2.51427319336
1.37466189575 2.51572766113
1.37169592285 2.51630444336
1.3690085144 2.5173203125
1.36659173584 2.5184473877
1.36376522827 2.51964813232
1.36084414673 2.52080706787
1.35846292114 2.52140740967
1.35635189819 2.52236523438
1.35405685425 2.52332336426
1.35148117065 2.52438464355
1.34881420898 2.5254239502
1.34704678345 2.52612200928
1.34489151001 2.52692004395
1.34295336914 2.52766809082
1.34076419067 2.52849194336
1.3385161438 2.52925299072
1.33631304932 2.53028179932
1.3346539917 2.53121142578
1.3329147644 2.53181884766
1.33118496704 2.5323817749
1.32931900024 2.53295837402
1.32736282349 2.53357177734
1.32587145996 2.53432861328
1.32439538574 2.53516680908
1.32293585205 2.53595281982
1.32134786987 2.53679180908
1.31992843628 2.53720465088
1.31848834229 2.53760296631
1.31691671753 2.53797332764
1.31586679077 2.53847515869
1.31482980347 2.53897509766
1.31363903809 2.53959863281
1.31244393921 2.54019000244
1.31115594482 2.54075079346
1.30980371094 2.54132922363
1.30849932861 2.5419105835
1.30711535645 2.54245574951
1.3062767334 2.54295068359
1.30539456177 2.54331921387
1.30458834839 2.54372735596
1.3036583252 2.5440458374
1.30264022827 2.54445025635
1.30169790649 2.54480975342
1.30062960815 2.54517510986
1.29954321289 2.54552740479
1.29845401001 2.54590515137
1.29758236694 2.54632885742
1.29684448242 2.54676831055
1.29610925293 2.5472288208
1.29543783569 2.54766986084
1.29455187988 2.54810638428
1.29373309326 2.54853460693
1.29285202026 2.54901373291
1.29209909058 2.54937457275
1.29119470215 2.54971240234
1.29042718506 2.55001031494
1.28963671875 2.55029138184
1.2890173645 2.55057733154
1.2885173645 2.55079046631
1.28802157593 2.55107415771
1.28746844482 2.55133477783
1.28685717773 2.55157672119
1.28625201416 2.55181988525
1.28566992188 2.55213317871
1.28502307129 2.55235736084
1.28434277344 2.55263336182
1.28369918823 2.55286047363
1.28305560303 2.55311035156
1.28236941528 2.55333068848
1.28170681763 2.55358087158
1.28111935425 2.5538480835
1.28065161133 2.55410772705
1.28018798828 2.55439031982
1.27981011963 2.55461407471
1.27937121582 2.55488763428
1.27892773438 2.55513269043
1.2784552002 2.55535223389
1.27799160767 2.5556348877
1.27754644775 2.55584405518
1.27703656006 2.55608660889
1.2765123291 2.55630877686
1.27603991699 2.55651538086
1.27549707031 2.55671563721
1.27495544434 2.55697650146
1.2744598999 2.55718945312
1.27395953369 2.55741345215
1.2735411377 2.55760699463
1.27318954468 2.55780432129
1.27291409302 2.55801947021
1.27259848022 2.55823779297
1.27227996826 2.55846868896
1.27194680786 2.55863659668
1.27165185547 2.55881707764
1.27126147461 2.55902929687
1.27089505005 2.55923950195
1.2705201416 2.55945928955
1.27021832275 2.55959344482
1.26982434082 2.5598215332
1.2694442749 2.55998272705
1.26902438354 2.56018218994
1.26864672852 2.5603815918
1.26823574829 2.56055255127
1.26781787109 2.56072125244
1.26739434814 2.56089123535
1.267050354 2.56102655029
1.26671243286 2.56118041992
1.26644363403 2.56127502441
1.26616494751 2.56145239258
1.2659418335 2.56157757568
1.26573974609 2.56167279053
1.2655022583 2.56180108643
1.26521789551 2.56195196533
1.26494137573 2.56214660645
1.26467871094 2.56227392578
1.2644163208 2.56238250732
1.26407766724 2.56258123779
1.26377566528 2.5627220459
1.26352587891 2.56282757568
1.26325732422 2.56294348145
1.26291973877 2.5630871582
1.26260296631 2.56320379639
1.2622689209 2.56332995605
1.26194137573 2.563453125
1.26164157104 2.56358905029
1.26132989502 2.56369439697
1.26096331787 2.56383184814
1.26061242676 2.56393341064
1.26034307861 2.56402215576
1.26005844116 2.56412036133
1.25982849121 2.56422290039
1.25962783813 2.56430621338
1.25944335938 2.56444171143
1.25929653931 2.56451824951
1.25912008667 2.56461199951
1.25891491699 2.56473223877
1.25872186279 2.56483782959
1.25850012207 2.56496679687
1.25827658081 2.56512036133
1.25808404541 2.56519976807
1.25784716797 2.56532928467
1.25762554932 2.56544262695
1.25739755249 2.56554907227
1.25714013672 2.56567236328
1.25695288086 2.5657567749
1.25670925903 2.5658684082
1.25647311401 2.56603161621
1.25620098877 2.56616802979
1.25597348022 2.56630383301
1.25571960449 2.5663984375
1.25548446655 2.56654125977
1.25525518799 2.56667321777
1.2550100708 2.56681213379
1.25471408081 2.56694781494
1.25446533203 2.56707440186
1.25425265503 2.56719647217
1.25407388306 2.56731451416
1.25389645386 2.56739086914
1.25376501465 2.56752575684
1.25365951538 2.56762054443
1.25349707031 2.56771655273
1.25338449097 2.56780126953
1.25324395752 2.56790057373
1.25309835815 2.56801055908
1.25291503906 2.56814562988
1.25279840088 2.56823010254
1.25259545898 2.56840447998
1.25242071533 2.56847363281
1.25224737549 2.56858843994
1.25205426025 2.56869921875
1.25183963013 2.56880029297
1.2516229248 2.56891424561
1.25141983032 2.56902172852
1.25122509766 2.56913238525
1.25101043701 2.56921435547
1.25078747559 2.56933782959
1.25058248901 2.56946563721
1.25031762695 2.56956268311
1.25007522583 2.56971386719
1.24983306885 2.56979052734
1.24962402344 2.56993554688
1.24935281372 2.57006109619
1.24907897949 2.57018371582
1.24885855103 2.57033380127
1.24858609009 2.57041925049
1.24844009399 2.57045874023
1.24830566406 2.57050787354
1.24816003418 2.57054101562
1.24803433228 2.57061474609
1.24790335083 2.57063751221
1.2477696228 2.57075231934
1.24764746094 2.57076824951
1.24755737305 2.57080505371
1.24746731567 2.57083410645
1.24728329468 2.57094384766
1.24713067627 2.57099682617
1.24696844482 2.57106671143
1.24683071899 2.57115075684
1.24667828369 2.57119830322
1.24655041504 2.5712119751
1.2462869873 2.57147454834
1.24584262085 2.57176580811
1.24518063354 2.57244506836
1.20544729614 2.61772973633
1.20551385498 2.61780371094
1.20674234009 2.61697912598
1.20931903076 2.61502441406
1.212556427 2.61172442627
1.21574740601 2.609347229
1.21988583374 2.60607177734
1.22280105591 2.60268048096
1.22664898682 2.59990960693
1.23104586792 2.59621624756
1.23406240845 2.59321447754
1.23742614746 2.59044384766
1.24166000366 2.58657067871
1.24446893311 2.58436938477
1.24874450684 2.58078015137
1.25209683228 2.57738751221
1.25549520874 2.57469592285
1.25928799438 2.5714730835
1.26269573975 2.5683682251
1.26605783081 2.56540710449
1.26990078735 2.56210150146
1.27282763672 2.55975891113
1.27643579102 2.55655218506
1.28031707764 2.55341772461
1.28317550659 2.55102972412
1.28676501465 2.54767132568
1.29061138916 2.54517834473
1.2933848877 2.54247753906
1.2970138855 2.5391895752
1.30066094971 2.53698974609
1.30405130005 2.53389904785
1.30745739746 2.53073034668
1.31087045288 2.52879754639
1.31454598999 2.52557745361
1.31765335083 2.52301702881
1.32119467163 2.52063415527
1.32471896362 2.51750091553
1.32765505981 2.51516235352
1.33138934326 2.51264404297
1.33480374146 2.50958380127
1.33780596924 2.50744293213
1.34128668213 2.50484851074
1.34501153564 2.50198254395
1.34785150146 2.49983682251
1.35142510986 2.49723025513
1.35538598633 2.49422149658
1.3579871521 2.49237670898
1.36170458984 2.48955651855
1.36535159302 2.48679101563
1.36824996948 2.48466815186
1.37172705078 2.48188345337
1.37528067017 2.47921124268
1.37867709351 2.47710162354
1.38157553101 2.47431973267
1.38505697632 2.47213238525
1.38866989136 2.46988226318
1.39191967773 2.46702999878
1.39497149658 2.46522961426
1.3987713623 2.46253713989
1.40288571167 2.46013345337
1.40579650879 2.45779199219
1.40960058594 2.45485958862
1.41309313965 2.45323828125
1.41724850464 2.45066271973
1.42054232788 2.44850909424
1.42447937012 2.44602954102
1.42860540771 2.44372979736
1.43210391235 2.44216595459
1.43633892822 2.43925769043
1.44024377441 2.4376729126
1.4449708252 2.43526620483
1.44872109985 2.43334100342
1.45272833252 2.43129385376
1.4574130249 2.42929873657
1.46182867432 2.427618927
1.46564584351 2.42540374756
1.47007275391 2.42377301025
1.47515963745 2.42169726563
1.47882089233 2.42044580078
1.48345581055 2.41842877197
1.48823910522 2.41730374146
1.49318554687 2.41536743164
1.49754666138 2.41408587646
1.50273468018 2.41270690918
1.50752377319 2.41149176025
1.51156270599 2.41033370972
1.51710730743 2.40883938599
1.52114879608 2.4080987854
1.52618793488 2.4065793457
1.53107942963 2.40597973633
1.53567761993 2.40455963135
1.54052318573 2.40328121948
1.54543912506 2.40289425659
1.55011646271 2.40126818848
1.55497872162 2.40078594971
1.56006865692 2.40007214355
1.56540016937 2.39847424316
1.57019004059 2.39815402222
1.57538689423 2.39695217896
1.57979175568 2.39669940186
1.58572797394 2.39615490723
1.58995127106 2.39484014893
1.59532176971 2.39456188965
1.60038085175 2.3936267395
1.60528272247 2.39296655273
1.61073311615 2.39237939453
1.61547278595 2.39092782593
1.62032785797 2.39068945312
1.62572275543 2.38955609131
1.63034177399 2.3885925293
1.63559815216 2.38803994751
1.64040172577 2.38641934204
1.64531491852 2.38606555176
1.65042072296 2.38516992187
1.6551778717 2.38402398682
1.66020874023 2.38384060669
1.6650061264 2.38244338989
1.66991543579 2.38185180664
1.67484658051 2.38117449951
1.67993845367 2.37984936523
1.6850716095 2.37968218994
1.68969876862 2.37831518555
1.69515879822 2.37725238037
1.69963446045 2.37646856689
1.70470527649 2.37518054199
1.70989815521 2.37466018677
1.71399064636 2.37346728516
1.71946392822 2.37219540405
1.72375732422 2.37154931641
1.72825189209 2.37048226929
1.73408751678 2.36921237183
1.73815860748 2.36835562134
1.74399398041 2.36720233154
1.74840040588 2.36603140259
1.75344356537 2.36517736816
1.75881354523 2.36390090942
1.76313594818 2.36326123047
1.76861147308 2.36236395264
1.77309547424 2.36068798828
1.77794070435 2.36010903931
1.78295318222 2.35889111328
1.78732958221 2.35761807251
1.79220801926 2.35697753906
1.79661151886 2.35532653809
1.80171891785 2.35422650146
1.80607688141 2.35334509277
1.81054977798 2.351800354
1.81559870911 2.35089160156
1.81956118774 2.34967150879
1.82439596176 2.34817391968
1.8290467453 2.34746881104
1.83294358063 2.34607183838
1.83780309296 2.34463586426
1.84209482574 2.34343695068
1.84628273773 2.34220129395
1.85093831635 2.34070755005
1.85474783325 2.33958816528
1.85902642822 2.33836230469
1.86421474838 2.33663369751
1.86749654007 2.33572763062
1.87257133484 2.33441564941
1.87671190262 2.3326914978
1.88071654892 2.33174319458
1.88530547714 2.3306998291
1.88915797424 2.32887634277
1.89347592926 2.32790466309
1.89795501709 2.32681072998
1.90158166122 2.32501968384
1.90610301971 2.3238190918
1.91007766724 2.32271154785
1.91381291962 2.32105923462
1.91811608505 2.3198192749
1.92191139221 2.31863372803
1.9259863205 2.31712652588
1.93054635239 2.31558169556
1.933899086 2.31447045898
1.93817007828 2.31289807129
1.94262693405 2.31133905029
1.94594413376 2.31008502197
1.95021710205 2.30858074951
1.95460326385 2.30700296021
1.9578742981 2.30526983643
1.96204538727 2.30398675537
1.96613807678 2.30249020386
1.96963847351 2.30045007324
1.97349328232 2.29937786865
1.97753402328 2.29792803955
1.98063467407 2.29606512451
1.98465172195 2.29474169922
1.98845116806 2.2934649353
1.99158540344 2.29161306763
1.99536795425 2.29001019287
1.99891034317 2.2889487915
2.00221273422 2.28778494263
2.00578259659 2.28598849487
2.00947123718 2.28479190063
2.01234433365 2.28348712158
2.01557898712 2.28203363037
2.01908000183 2.2804213562
2.02198934174 2.27926138306
2.02477073669 2.27778912354
2.02808210754 2.27632647705
2.03178808594 2.27481286621
2.03401712036 2.27341986084
2.03690182495 2.27188006592
2.04028222656 2.27084454346
2.04316653442 2.26908404541
2.04595472717 2.26746963501
2.04875007629 2.26648974609
2.05189753723 2.26520953369
2.05428657532 2.26361010742
2.05729634094 2.26175845337
2.06018784332 2.26066217041
2.06277574158 2.25949328613
2.06532165527 2.25802856445
2.0680905304 2.25636941528
2.07135890198 2.25479037476
2.07356285095 2.25373074341
2.07610930634 2.25240164185
2.07884742737 2.25107763672
2.08183973694 2.2495592041
2.08411170959 2.24795843506
2.08633062744 2.24694113159
2.08906648254 2.24572384644
2.09176119995 2.24445980835
2.09392676544 2.24287969971
2.0962580719 2.2412477417
2.09878482056 2.24012750244
2.10135603333 2.23903079224
2.10338354492 2.23767520142
2.10558586121 2.23610345459
2.1078636322 2.23462149048
2.11070176697 2.23301882935
2.11258477783 2.23204174805
2.11457885742 2.23074569702
2.11671779633 2.22944122314
2.11934890747 2.22819802856
2.12202615356 2.2266869812
2.12461436462 2.22547427368
2.12798887634 2.22420837402
2.13024769592 2.22280606079
2.13368278503 2.22134603882
2.13614901733 2.21990319824
2.13910705566 2.21841625977
2.14225427246 2.21658694458
2.14507331848 2.21463180542
2.14854096985 2.2123338623
2.15084771729 2.21012518311
2.15407763672 2.20732998657
2.15628921509 2.20468875122
2.15921234131 2.20191812134
2.16172633362 2.19938980103
2.16422909546 2.19661682129
2.16710549927 2.19345803833
2.16897262573 2.1904069519
2.17182821655 2.1866338501
2.17370474243 2.18386907959
2.17646261597 2.18042156982
2.17841375732 2.17709698486
2.18051373291 2.17331079102
2.18278970337 2.16947561646
2.18433781433 2.16670687866
2.18677075195 2.16272354126
2.1880831604 2.15917022705
2.18999754333 2.15492791748
2.19195237732 2.15150418091
2.19344799805 2.14784515381
2.19529702759 2.14345275879
2.19631768799 2.13956283569
2.19812770081 2.13605041504
2.1996439209 2.13184817505
2.20074102783 2.12765698242
2.20266516113 2.12373034668
2.20356704712 2.12016995239
2.20494046021 2.11572338867
2.20613323975 2.1112857666
2.20719064331 2.1078321228
2.20872769165 2.10332055664
2.20925112915 2.09897576904
2.21069940186 2.09511795044
2.21201425171 2.09076391602
2.21244056702 2.08680673218
2.21393817139 2.0822935791
2.21488208008 2.07829983521
2.21563394165 2.07376904297
2.21716940308 2.06909494019
2.21767051697 2.06552337646
2.2186307373 2.06078598022
2.2198487854 2.05622711182
2.22042532349 2.05272424316
2.22149090576 2.04783364868
2.2220713501 2.04339639282
2.22296569824 2.03964019775
2.22398899841 2.03483483887
2.22420309448 2.03037722778
2.22531259155 2.02626779175
2.22630456543 2.02138272095
2.22651776123 2.01691540527
2.22759567261 2.01272695923
2.22806317139 2.00810827637
2.22844952393 2.00367636108
2.22961584473 1.99954312134
2.22978713989 1.99502539062
2.2304079895 1.99049645996
2.23164395142 1.98631884766
2.23192425537 1.98195977783
2.2325375061 1.9774571228
2.23361621094 1.97338546753
2.23358721924 1.96894741821
2.23442623901 1.96436572266
2.23533920288 1.96030755615
2.23534591675 1.95587640381
2.23601516724 1.95155435181
2.23689553833 1.94715634155
2.23680938721 1.94288922119
2.23755160522 1.93905944824
2.23842999268 1.93447299194
2.23839337158 1.93031417847
2.23926330566 1.92612557983
2.24009533691 1.92171936035
2.24033566284 1.9170748291
2.24110861206 1.91359564209
2.24176913452 1.90935723877
2.24249819946 1.90435317993
2.24298916626 1.90134979248
2.24373657227 1.89673345947
2.24449639893 1.89219622803
2.24498898315 1.88934005737
2.24564816284 1.88453637695
2.24670584106 1.88024533081
2.24734890747 1.87665969849
2.24782620239 1.87236962891
2.24890512085 1.86829257202
2.25010723877 1.86412435913
2.25041592407 1.86023373413
2.25139575195 1.85602697754
2.2525847168 1.85194174194
2.25286010742 1.84804064941
2.25382214355 1.84390866089
2.25470681763 1.84048352051
2.25574691772 1.83557553101
2.25639807129 1.8322260437
2.2573710022 1.82813583374
2.25826531982 1.82416809082
2.25924511719 1.82013391113
2.26001141357 1.81651437378
2.26100238037 1.81206787109
2.26233901978 1.80824453735
2.26270794678 1.8045305481
2.26351022339 1.80026107788
2.26490948486 1.79637509155
2.26555126953 1.79277615356
2.26614846802 1.78858398437
2.26745022583 1.78499472046
2.26858270264 1.78116314697
2.2690559082 1.77761254883
2.27017993164 1.7737097168
2.27151773071 1.77018753052
2.27229669189 1.76614242554
2.27334579468 1.76279144287
2.27454736328 1.75932342529
2.27588479614 1.75518145752
2.27651678467 1.75174423218
2.27762811279 1.74849765015
2.27888885498 1.74457168579
2.28010882568 1.74047140503
2.28098776245 1.73772268677
2.28215496826 1.7339510498
2.28345605469 1.72983813477
2.2845428772 1.72707568359
2.28563513184 1.72342572021
2.2867081604 1.71959674072
2.28841891479 1.71631228638
2.28932492065 1.71286746216
2.29030578613 1.70921310425
2.29190377808 1.70580432129
2.29344787598 1.70222488403
2.29421896362 1.69896112061
2.29562731934 1.6950904541
2.29716152954 1.69204226685
2.29847821045 1.68818566895
2.29938922119 1.68472412109
2.3008326416 1.68178640747
2.30252642822 1.6779694519
2.30341320801 1.67427539062
2.30477194214 1.67144821167
2.30638214111 1.66780212402
2.30800192261 1.66388311768
2.3091177063 1.66065643311
2.31057324219 1.65721606445
2.3121867981 1.65355932617
2.31367153931 1.64957522583
2.31485974121 1.64686038208
2.31641073608 1.64310470581
2.3182076416 1.63900637817
2.31935964966 1.63643841553
2.3210814209 1.63253912354
2.32261660767 1.6287663269
2.32441842651 1.62524499512
2.32563494873 1.62207183838
2.32730718994 1.61800915527
2.32916546631 1.6142109375
2.33029837036 1.61124188232
2.33205670166 1.6072677002
2.33389746094 1.6030859375
2.33510723877 1.60032116699
2.33685928345 1.59627972412
2.33872506714 1.592215271
2.33997735596 1.58930029297
2.34168148804 1.58534710693
2.34350656128 1.58133343506
2.34476339722 1.57814324951
2.34644842529 1.57427435303
2.34832125854 1.57005352783
2.34968588257 1.56649987793
2.35139541626 1.56277844238
2.35324450684 1.55850323486
2.35455270386 1.55478631592
2.35627148438 1.55124584961
2.35823721313 1.54700036621
2.35949276733 1.54313305664
2.36109869385 1.53985668945
2.36324768066 1.53520831299
2.36444677734 1.53136883545
2.36610531616 1.52804827881
2.36803765869 1.52391992187
2.36892166138 1.52026690674
2.37052987671 1.51720678711
2.37233062744 1.51347692871
2.37330334473 1.51000415039
2.37453924561 1.50687457275
2.37590795898 1.50398712158
2.37744003296 1.50063659668
2.3782114563 1.49746411133
2.37934655762 1.49487298584
2.3806071167 1.49219146729
2.38187182617 1.4892923584
2.38281478882 1.48622845459
2.38361737061 1.48388110352
2.38467614746 1.48147277832
2.38578884888 1.47896875
2.3869619751 1.47618304443
2.38774957275 1.47351165771
2.38851000977 1.47162481689
2.38932415771 1.46949700928
2.39023922729 1.46739001465
2.3916366272 1.46433502197
2.39272323608 1.46162615967
2.39290692139 1.46091931152
2.39365985107 1.45888757324
2.39430160522 1.45722412109
2.39498324585 1.45533496094
2.3956680603 1.45340325928
2.39643411255 1.45141375732
2.39741867065 1.44961065674
2.39807510376 1.44829870605
2.39860791016 1.44681988525
2.39906890869 1.44541241455
2.3995927124 1.44379815674
2.40017807007 1.44217767334
2.4007578125 1.44052850342
2.40151327515 1.43911602783
2.40225961304 1.43789404297
2.40306826782 1.43659558105
2.40357894897 1.43540753174
2.4040149231 1.43407733154
2.4043890686 1.43280511475
2.40476205444 1.43145495605
2.40520297241 1.43005535889
2.40568045044 1.42887585449
2.40619046021 1.42792773437
2.40673641968 1.4269319458
2.4072784729 1.42596990967
2.40789920044 1.42479437256
2.40841564941 1.4237277832
2.40895492554 1.42260327148
2.40929550171 1.42155194092
2.40958346558 1.4205769043
2.40986212158 1.41944696045
2.41020657349 1.41864147949
2.41056866455 1.41792071533
2.41093161011 1.41723425293
2.41131997681 1.41641558838
2.41167785645 1.41572705078
2.41205133057 1.41490240479
2.41246664429 1.41404193115
2.41287005615 1.41323931885
2.41318844604 1.41236987305
2.4135418396 1.41149859619
2.41392260742 1.41061706543
2.41427352905 1.40981451416
2.41466937256 1.4089956665
2.41501950073 1.40836767578
2.41537115479 1.40783874512
2.41562527466 1.40734484863
2.41586175537 1.40685748291
2.41612890625 1.40630181885
2.4163137207 1.40579815674
2.41653979492 1.40527001953
2.41672967529 1.40471582031
2.41693948364 1.40421185303
2.41717205811 1.40363635254
2.4174263916 1.40306237793
2.41761935425 1.4025088501
2.41787057495 1.40188189697
2.41805502319 1.40130004883
2.41827639771 1.40074969482
2.41845111084 1.40018609619
2.41869760132 1.3996652832
2.41891436768 1.39921875
2.4191338501 1.39887640381
2.4193343811 1.39851434326
2.41961294556 1.3981395874
2.41979034424 1.39781707764
2.42004327393 1.3974196167
2.42028973389 1.39704046631
2.42055413818 1.3966159668
2.42077645874 1.3962331543
2.42102297974 1.39582781982
2.42120925903 1.39545996094
2.42142706299 1.39512481689
2.42160473633 1.39471948242
2.4218248291 1.39433666992
2.42198712158 1.39393688965
2.42220822144 1.39353967285
2.42239285278 1.39315917969
2.4225892334 1.39277386475
2.42273696899 1.39237554932
2.42292071533 1.391984375
2.42301113892 1.39168579102
2.42313775635 1.39133093262
2.42323590088 1.39103045654
2.42339025879 1.39068078613
2.42346517944 1.3903984375
2.42361053467 1.39010272217
2.42369137573 1.3898873291
2.42383398438 1.38965509033
2.42392190552 1.38947357178
2.4240696106 1.38925994873
2.42417221069 1.38900134277
2.42432022095 1.38876544189
2.4243973999 1.38853387451
2.42450213623 1.38837927246
2.42457666016 1.38817279053
2.42467028809 1.38802789307
2.42475192261 1.38785736084
2.42485827637 1.38759606934
2.42498287964 1.38731390381
2.42511334229 1.38706811523
2.42521795654 1.3868145752
2.42532598877 1.38662414551
2.42539584351 1.38641088867
2.42552279663 1.38621795654
2.42562384033 1.38598956299
2.4257543335 1.3856963501
2.42581362915 1.38550018311
2.42592788696 1.38527258301
2.42599819946 1.3850657959
2.42606280518 1.38490435791
2.42613095093 1.38474041748
2.42617803955 1.38463018799
2.42621920776 1.3844432373
2.42632122803 1.38423217773
2.42641213989 1.38393682861
2.42652648926 1.38369342041
2.42661877441 1.38343023682
2.42670324707 1.38323388672
2.4267723999 1.38304498291
2.42686578369 1.3828505249
2.42690591431 1.38270782471
2.42700234985 1.38252069092
2.42706863403 1.38230651855
2.42716824341 1.3821005249
2.42721398926 1.38192718506
2.42728894043 1.38175219727
2.4273008728 1.38166314697
2.42737539673 1.3815479126
2.42742510986 1.38140911865
2.42749438477 1.38130047607
2.42752172852 1.38124005127
2.42757727051 1.38116546631
2.42760186768 1.381046875
2.42772283936 1.3809152832
2.42778759766 1.38074481201
2.42790438843 1.38061035156
2.42795172119 1.38048535156
2.42805007935 1.38038153076
2.42810324097 1.38028466797
2.42817324829 1.38020019531
2.42820095825 1.38007025146
2.42825897217 1.38002008057
2.42829244995 1.37997363281
2.42832440186 1.37990466309
2.42832943726 1.37980053711
2.42838745117 1.37969726562
2.42842169189 1.37963513184
2.42846383667 1.37949407959
2.42847921753 1.37939312744
2.42853646851 1.37927276611
2.42854443359 1.37917645264
2.42860900879 1.37905718994
2.42861968994 1.37894732666
2.42865878296 1.37888952637
2.42866638184 1.37880682373
2.42871261597 1.3787053833
2.42872921753 1.37861968994
2.4287668457 1.37854779053
2.42876403809 1.37850720215
2.42880679321 1.37840332031
2.42883047485 1.37830841064
2.42887106323 1.37821563721
2.42886880493 1.37812237549
2.42890863037 1.37807623291
2.42890634155 1.37797869873
2.42895010376 1.37788482666
2.42895227051 1.3777789917
2.4289954834 1.37772528076
2.42897674561 1.37764880371
2.42902883911 1.37755541992
2.42903964233 1.37743914795
2.42909674072 1.37737036133
2.42907846069 1.37728381348
2.42913525391 1.37720648193
2.42913729858 1.37709967041
2.42919100952 1.37699603271
2.42919589233 1.37690344238
2.42923620605 1.37681280518
2.42924490356 1.37674627686
2.42928424072 1.37665533447
2.42928530884 1.3765793457
2.42933050537 1.37648675537
2.42931787109 1.37639398193
2.42934466553 1.37637506104
2.42935058594 1.37628839111
2.42938919067 1.37622998047
2.4293770752 1.37612921143
2.42945907593 1.37602209473
2.42971969604 1.37540869141
2.43011557007 1.37472393799
2.43055029297 1.37401464844
2.46403518677 1.32838208008
2.46411654663 1.32841265869
2.46337844849 1.32944519043
2.46195565796 1.33226190186
2.46051034546 1.3359666748
2.45782485962 1.33955969238
2.45507473755 1.34450189209
2.45283679199 1.34893438721
2.44995672607 1.35297491455
2.44760202026 1.3581461792
2.44476660156 1.36182568359
2.44175631714 1.36682037354
2.4397694397 1.37049603271
2.43664797974 1.37495452881
2.43451577759 1.3796630249
2.43175253296 1.38320935059
2.42872543335 1.38804980469
2.42666183472 1.39194525146
2.42350689697 1.39642260742
2.42138998413 1.40096905518
2.4185953064 1.40462145996
2.41581939697 1.40908093262
2.41380502319 1.41321307373
2.41086956787 1.4170413208
2.40864624023 1.421546875
2.40606567383 1.42550585937
2.40311279297 1.42949914551
2.40128723145 1.43393218994
2.39823672485 1.43792218018
2.3955090332 1.44240289307
2.39362313843 1.44625561523
2.3902026062 1.45069146729
2.3881829834 1.45518731689
2.38523614502 1.45947583008
2.38272637939 1.46340740967
2.38075238037 1.46776068115
2.37762985229 1.4716416626
2.37547976685 1.47572235107
2.37309780884 1.480199646
2.37005419922 1.48367523193
2.36810421753 1.48777319336
2.36541537476 1.49246246338
2.36302349854 1.49588897705
2.36056222534 1.5001963501
2.35773730469 1.50451483154
2.35586914062 1.50778564453
2.35291305542 1.51236187744
2.35092825317 1.51679907227
2.34832540894 1.5203503418
2.34584884644 1.52456768799
2.34404495239 1.52874279785
2.34122351074 1.53259753418
2.33961047363 1.5362232666
2.33711834717 1.54074688721
2.3355557251 1.54476708984
2.33322558594 1.54828863525
2.33072415161 1.55276538086
2.32925845337 1.55693115234
2.32649713135 1.56119268799
2.32519839478 1.56481011963
2.32269174194 1.56987561035
2.32152752686 1.57394842529
2.31896496582 1.57828039551
2.31752459717 1.58253485107
2.315584198 1.58740112305
2.31385812378 1.59155389404
2.3121015625 1.59562457275
2.31050384521 1.60052203369
2.30908929443 1.60512133789
2.30730691528 1.60945837402
2.30601696777 1.61387139893
2.3045958252 1.61923175049
2.30340090942 1.62350256348
2.3016907959 1.62897723389
2.30096224976 1.63330438232
2.29948291016 1.63889559937
2.29881030273 1.6426852417
2.29756100464 1.64834146118
2.29727035522 1.65293252563
2.29581674194 1.65808862305
2.29551480103 1.66262188721
2.29470858765 1.66866256714
2.29427688599 1.67254345703
2.29348324585 1.67813378906
2.29361056519 1.68296356201
2.29271414185 1.68780880737
2.29248352051 1.69275350952
2.2925007019 1.69771127319
2.29183798218 1.70224749756
2.29194293213 1.70692630005
2.29177404785 1.71245645142
2.29180737305 1.71654293823
2.29155715942 1.72165148926
2.2920793457 1.72649099731
2.29176998901 1.73117379761
2.2917250061 1.73598364258
2.29232653809 1.74041650391
2.29188461304 1.74527978516
2.2922677002 1.74958093262
2.2926312561 1.75458496094
2.29248065186 1.75903372192
2.29286950684 1.76327429199
2.2930586853 1.76832748413
2.29360018921 1.77248675537
2.2936882019 1.77706686401
2.29418527222 1.78200396729
2.29483453369 1.78628482056
2.29496035767 1.79122637939
2.29594500732 1.79569784546
2.29658862305 1.8006260376
2.29658480835 1.80521762085
2.29761895752 1.80947357178
2.29824487305 1.8143989563
2.29852053833 1.81863357544
2.29918536377 1.82301104736
2.29977493286 1.82802224731
2.3001305542 1.8315491333
2.30093414307 1.8361473999
2.30156582642 1.84088882446
2.30209799194 1.84464077759
2.30252258301 1.84912799072
2.30313656616 1.85326849365
2.30413973999 1.85774569702
2.3043092041 1.86212756348
2.30535385132 1.86596343994
2.30633242798 1.87052224731
2.30641500854 1.87437496948
2.30739819336 1.87819696045
2.30814782715 1.88245858765
2.30907965088 1.88678302002
2.30979562378 1.89031790161
2.31067318726 1.89510891724
2.31207608032 1.8988678894
2.31254940796 1.90261911011
2.31325384521 1.90694842529
2.31470278931 1.91066818237
2.31580239868 1.91504754639
2.31647799683 1.91887991333
2.31762454224 1.92261773682
2.31890658569 1.92717208862
2.31995227051 1.93079037476
2.32088937378 1.93467990112
2.3218894043 1.93899124146
2.32358938599 1.94271594238
2.3244024353 1.94669223022
2.32551721191 1.95109686279
2.32699822998 1.95445141602
2.32829589844 1.958934021
2.32925872803 1.96265542603
2.3306640625 1.96630523682
2.33211856079 1.97053567505
2.33350097656 1.97419335938
2.33476113892 1.97801083374
2.33621954346 1.98219180298
2.33828717041 1.98574038696
2.33945111084 1.98972283936
2.34096847534 1.9936060791
2.34286331177 1.99710266113
2.34460516357 2.00126446533
2.34613580322 2.00460263062
2.34784109497 2.00837329102
2.34980682373 2.01261172485
2.35143463135 2.01591146851
2.35312322998 2.0198392334
2.35507244873 2.02391186523
2.35745602417 2.02745339966
2.35891610718 2.03132543945
2.36111587524 2.03523605347
2.36331741333 2.03867938232
2.36540786743 2.04298614502
2.36721560669 2.04593154907
2.36948474121 2.04973754883
2.3717706604 2.05370999146
2.37342263794 2.05641333008
2.37556604004 2.06023287964
2.3778236084 2.06387249756
2.37981970215 2.0665765686
2.38188800049 2.07032376099
2.38417364502 2.07385961914
2.38681591797 2.07695233154
2.38851071167 2.08023260498
2.3909810791 2.08412387085
2.39361297607 2.08700418091
2.39537487793 2.09021337891
2.39745431519 2.09380661011
2.40019699097 2.09675311279
2.40231027222 2.10017303467
2.4043092041 2.10379699707
2.40684814453 2.10661154175
2.40935565186 2.11017163086
2.41099667358 2.11328863525
2.4137142334 2.1166980896
2.41619891357 2.11974526978
2.41794384766 2.12300164795
2.42026956177 2.12653240967
2.42292385864 2.12933340454
2.42457211304 2.13235592651
2.42680819702 2.13602005005
2.42940698242 2.13885299683
2.43125546265 2.14189810181
2.43314285278 2.14502096558
2.43573443604 2.14860513306
2.43769229126 2.15139273071
2.43964886475 2.15446005249
2.44187548828 2.15803695679
2.44424865723 2.16084945679
2.44593768311 2.16374133301
2.4481088562 2.16709732056
2.45058453369 2.17076327515
2.45215948486 2.17310522461
2.45438244629 2.17654217529
2.45670352173 2.1799034729
2.45837185669 2.18267440796
2.46056219482 2.18580639648
2.46257867432 2.18868457031
2.46463137817 2.1925881958
2.46645864868 2.19504159546
2.46865463257 2.19811224365
2.4708767395 2.20171755981
2.47238143921 2.20446389771
2.47438388062 2.20730395508
2.47673596191 2.21048928833
2.47818307495 2.21385913086
2.48003674316 2.21643002319
2.48241488647 2.21956140137
2.48428384399 2.22276782227
2.48585858154 2.22608529663
2.48792562866 2.22862390137
2.49028338623 2.23192095947
2.49161251831 2.23495236206
2.49344247437 2.23835296631
2.49563851929 2.24096737671
2.49729675293 2.2440567627
2.49894012451 2.24737393188
2.50096707153 2.25034585571
2.50314944458 2.25332324219
2.50436953735 2.25606921387
2.50611038208 2.25958453369
2.50821865845 2.26238851929
2.50978311157 2.26524264526
2.51115716553 2.26808544922
2.51308496094 2.27179321289
2.51505761719 2.27453475952
2.51643502808 2.27751385498
2.51803756714 2.28065792847
2.52006771851 2.28433679199
2.52160214233 2.28677941895
2.52329360962 2.28991702271
2.52491375732 2.29295648193
2.52702352905 2.2964934082
2.52829238892 2.29878204346
2.53001419067 2.30183178711
2.53183328247 2.30505584717
2.53370248413 2.30835897827
2.53498849487 2.31071286011
2.53660668945 2.31370373535
2.53845559692 2.31710064697
2.53988043213 2.32020321655
2.54133291626 2.32273126221
2.54308843994 2.32577078247
2.54490820312 2.32923989868
2.5459972229 2.3319331665
2.54762179565 2.33471453857
2.54944442749 2.33766543579
2.55113659668 2.3410748291
2.55238513184 2.34394848633
2.5540262146 2.3465567627
2.55599087524 2.34971914673
2.55723019409 2.35278106689
2.5585640564 2.35587628174
2.56027914429 2.35837359619
2.56224331665 2.36149752808
2.56325430298 2.36424771118
2.56464358521 2.36767218018
2.5663901062 2.37016415405
2.56795916748 2.37307827759
2.56899267578 2.37568966675
2.57043649292 2.37888092041
2.57216864014 2.38194250488
2.57332897949 2.38445751953
2.57470675659 2.38733999634
2.57628625488 2.39054016113
2.577759552 2.39370684814
2.57885165405 2.39612774658
2.58024453735 2.39887411499
2.58176763916 2.40169442749
2.58293893433 2.40485678101
2.58403692627 2.40782821655
2.58541867065 2.41023657227
2.58713897705 2.41328839111
2.58792324829 2.41598925781
2.58903845215 2.41920184326
2.59049414063 2.42204598999
2.59211181641 2.42496536255
2.59283456421 2.42743615723
2.59409448242 2.43061883545
2.59535385132 2.43378460693
2.59650375366 2.43636279297
2.59748022461 2.43879272461
2.59866796875 2.44147335815
2.5999548645 2.44448535156
2.60053872681 2.44711224365
2.60145230103 2.44958221436
2.60261282349 2.45185253906
2.60379898071 2.45415011597
2.60457250977 2.45677590942
2.60523580933 2.45930194092
2.60602822876 2.46186105347
2.60704541016 2.46436404419
2.60787554932 2.46646612549
2.60845965576 2.46850634766
2.6091647644 2.47051647949
2.60995700073 2.47284063721
2.6108576355 2.47546347046
2.61105245972 2.47740570068
2.6115645752 2.47970535278
2.61224386597 2.48169451904
2.61311785889 2.48372338867
2.61384216309 2.48578399658
2.6141713562 2.48740637207
2.61462210083 2.48932519531
2.61514126587 2.49122793579
2.61576708984 2.49345901489
2.61639517212 2.49571002197
2.6165138855 2.4971940918
2.61703091431 2.49882714844
2.61756887817 2.5003873291
2.61825079346 2.50224609375
2.61887084961 2.50401184082
2.61923278809 2.50573327637
2.61940301514 2.5072119751
2.61974069214 2.5088493042
2.62003695679 2.51064407349
2.6204708252 2.5124508667
2.62088931274 2.51430422974
2.62122143555 2.51579293823
2.62143566895 2.51704272461
2.62175640869 2.51839245605
2.62207589722 2.51972454834
2.62252441406 2.52133013916
2.62297567749 2.52286795044
2.62333166504 2.52445269775
2.62340438843 2.52564144897
2.62354620361 2.52706860352
2.62363342285 2.52844940186
2.62378613281 2.52989068604
2.62399499512 2.53145513916
2.62430343628 2.53307269287
2.62449252319 2.53446240234
2.62463900757 2.53545877075
2.62473672485 2.53655340576
2.62492056274 2.53768167114
2.6250743103 2.53874938965
2.62537445068 2.54008966064
2.62561645508 2.54136071777
2.62593655396 2.54274835205
2.62603717041 2.54383557129
2.62601913452 2.54485522461
2.62603741455 2.54595721436
2.62604302979 2.54703363037
2.6261043396 2.54820947266
2.62617718506 2.54940447998
2.6262678833 2.55067907715
2.62636358643 2.55192901611
2.62650857544 2.55307342529
2.6264914856 2.55410064697
2.62652584839 2.55493792725
2.62653155518 2.55574407959
2.62659832764 2.55655029297
2.62665637207 2.55752020264
2.62682272339 2.55856219482
2.62697406006 2.5594911499
2.62716241455 2.56050946045
2.62729995728 2.56154052734
2.62740176392 2.56254559326
2.62735147095 2.56337329102
2.62736315918 2.56408081055
2.62728793335 2.56487957764
2.62725479126 2.56571258545
2.62716860962 2.56655883789
2.62718118286 2.56742565918
2.62721331787 2.568315979
2.62724118042 2.56931164551
2.62729324341 2.57027496338
2.6272515564 2.57123944092
2.62721438599 2.57213592529
2.62710848999 2.57272833252
2.62701791382 2.57346063232
2.62693228149 2.57412402344
2.62685610962 2.5748145752
2.6268609314 2.57551452637
2.62685424805 2.57619256592
2.62690530396 2.57686895752
2.62694888306 2.57760845947
2.62699911499 2.5783536377
2.62704315186 2.579144104
2.62708477783 2.5799050293
2.62715344238 2.58069335938
2.62713424683 2.58132067871
2.62711218262 2.58184716797
2.62704217529 2.58234802246
2.6269697876 2.58293560791
2.62690054321 2.58347167969
2.62684719849 2.58409515381
2.62676971436 2.58469189453
2.62671398926 2.58534124756
2.62670037842 2.58598193359
2.62669775391 2.5865892334
2.62665994263 2.58724591064
2.62664572144 2.58793914795
2.62666702271 2.58861779785
2.62673156738 2.58929589844
2.62670388794 2.58999053955
2.62669644165 2.59057879639
2.62664422607 2.59105029297
2.62660137939 2.59150537109
2.62647335815 2.59191387939
2.6263946228 2.59239782715
2.6262869873 2.59288342285
2.6261867981 2.59337286377
2.6261217041 2.59388824463
2.62600183105 2.59444726562
2.62599597168 2.59497253418
2.62591864014 2.59546276855
2.62592996216 2.59599157715
2.62589361572 2.59648162842
2.62589007568 2.59702038574
2.62587646484 2.59754498291
2.62590933228 2.59809863281
2.62593450928 2.59863934326
2.62593093872 2.59901977539
2.62592840576 2.59945751953
2.62589300537 2.59975524902
2.62586502075 2.60009191895
2.62584014893 2.60042993164
2.62578421021 2.60073077393
2.62575149536 2.60100445557
2.62573144531 2.60141809082
2.62570474243 2.60177990723
2.6257013855 2.60210284424
2.62563208008 2.60246209717
2.6256072998 2.60292321777
2.62559228516 2.60330340576
2.62554675293 2.60362261963
2.62554351807 2.60395068359
2.62551589966 2.60437670898
2.62555474854 2.60480291748
2.62550445557 2.60516625977
2.62553457642 2.60555090332
2.62549890137 2.60589398193
2.62551605225 2.6062989502
2.62552246094 2.60666467285
2.62554464722 2.6070637207
2.62551602173 2.60733068848
2.62549966431 2.60763549805
2.6254437561 2.60786279297
2.62541033936 2.60812799072
2.62532150269 2.60834570312
2.62530883789 2.60860144043
2.62522634888 2.60879986572
2.62520288086 2.60904638672
2.62513021851 2.60934869385
2.62510321045 2.60964343262
2.62507971191 2.60986871338
2.62503613281 2.61013812256
2.62500216675 2.61034289551
2.62500088501 2.61064080811
2.6249173584 2.61094934082
2.62492285156 2.61124450684
2.62489880371 2.61148602295
2.62492855835 2.61173059082
2.62488656616 2.61199993896
2.62487356567 2.61239196777
2.62484951782 2.61264678955
2.62487850952 2.61292364502
2.62483703613 2.61313452148
2.6248132019 2.61345825195
2.62479171753 2.61372943115
2.62478466797 2.61407324219
2.62474664307 2.6143560791
2.62477709961 2.61460449219
2.62471307373 2.6147387085
2.62472659302 2.61494616699
2.62467941284 2.61509259033
2.62465841675 2.61529833984
2.62463284302 2.61541656494
2.62463296509 2.61560510254
2.62460388184 2.6157388916
2.62459277344 2.6158939209
2.62457183838 2.61604217529
2.62454675293 2.61622601318
2.62452960205 2.61640515137
2.62450775146 2.61660131836
2.62445697021 2.61678326416
2.6244855957 2.61696105957
2.62445050049 2.61710668945
2.6244418335 2.61730786133
2.62440576172 2.61750372314
2.62440481567 2.61772796631
2.62437963867 2.61793255615
2.62437609863 2.61813983154
2.62434060669 2.61835351562
2.62436764526 2.61857592773
2.62432113647 2.61879370117
2.62432824707 2.61903656006
2.62430221558 2.619234375
2.62433108521 2.61945880127
2.62428439331 2.61965020752
2.62432565308 2.61985839844
2.62428494263 2.6200668335
2.62427316284 2.62027056885
2.62427145386 2.62048760986
2.62428042603 2.62072814941
2.62424957275 2.62090246582
2.6242487793 2.62111798096
2.62421450806 2.62125762939
2.62420770264 2.62141418457
2.62415353394 2.62154193115
2.62414935303 2.62169451904
2.62410946655 2.62184960937
2.62408352661 2.62200061035
2.62403500366 2.62213983154
2.6240289917 2.62229907227
2.62398800659 2.62244055176
2.62397177124 2.62259289551
2.62392654419 2.62270898437
2.62389697266 2.62292883301
2.62383428955 2.62305487061
2.62381964111 2.62325567627
2.62377337646 2.62339672852
2.62374249268 2.62360150146
2.62369390869 2.62373864746
2.62368365479 2.62392572021
2.62363189697 2.62406219482
2.6236211853 2.6242444458
2.62359298706 2.62440075684
2.62359002686 2.62456860352
2.62354315186 2.62473779297
2.62355636597 2.62488122559
2.62350582886 2.6250234375
2.62350390625 2.62520825195
2.62345959473 2.62537097168
2.62344671631 2.62561486816
2.62339456177 2.62576239014
2.62335812378 2.62600714111
2.62332327271 2.62616485596
2.62331396484 2.6263963623
2.62327655029 2.62656140137
2.6232571106 2.62678875732
2.62308853149 2.62735772705
2.62279885864 2.62812164307
2.62228079224 2.62881195068
2.62184182739 2.62950946045
2.61117636108 2.68413232422
2.61131771851 2.68411419678
2.61150030518 2.68403582764
2.61150396729 2.68345306396
2.61128897095 2.681394104
2.61100891113 2.67837493896
2.61057290649 2.67434423828
2.60967288208 2.66965197754
2.60935629272 2.66563098145
2.60898416138 2.6608793335
2.6077550354 2.65685339355
2.6073682251 2.65224395752
2.60687359619 2.64746881104
2.60552093506 2.64360266113
2.60505358887 2.63879931641
2.6045057373 2.6345737915
2.60328955078 2.6304619751
2.60293783569 2.62585620117
2.60223675537 2.62204400635
2.60099172974 2.61750262451
2.60081106567 2.61319720459
2.59987625122 2.60914318848
2.59894885254 2.60525067139
2.59870458984 2.60065759277
2.59775338745 2.59731646729
2.59668890381 2.59266516113
2.59642636108 2.58869915771
2.5954727478 2.58463793945
2.59444146729 2.58040863037
2.59401300049 2.57630493164
2.59323486328 2.57265106201
2.59216445923 2.56815100098
2.59177035522 2.56361297607
2.59099816895 2.56008996582
2.59005712891 2.55575738525
2.58960769653 2.55128344727
2.58882507324 2.54785681152
2.58790881348 2.54367993164
2.58729019165 2.53897644043
2.58655133057 2.53568963623
2.58555599976 2.53121298218
2.58483804321 2.52648413086
2.58405941772 2.52324636841
2.58308432007 2.51861962891
2.58212805176 2.51387097168
2.58137814331 2.51053668213
2.58035775757 2.50555886841
2.57944668579 2.50102734375
2.57870272827 2.4974944458
2.5777456665 2.49254486084
2.57658276367 2.48800982666
2.57597619629 2.48436196899
2.57509732056 2.47969436646
2.57377279663 2.47514215088
2.57321679688 2.47116607666
2.57246118164 2.46636932373
2.57088705444 2.4621401062
2.57030804443 2.45776278687
2.56944503784 2.452790802
2.56793304443 2.44850476074
2.56737078857 2.44404577637
2.56620077515 2.43922900391
2.56502947998 2.43497836304
2.56445010376 2.43046911621
2.56297872925 2.42589242554
2.56208798218 2.42143200684
2.56139706421 2.4165039978
2.55977728271 2.41219998169
2.5589994812 2.40736779785
2.55802658081 2.40272848511
2.55648162842 2.39833099365
2.55595944214 2.39365533447
2.55444351196 2.38921844482
2.5529046936 2.38412322998
2.55238360596 2.379478302
2.55078594971 2.37504498291
2.54946011353 2.37000830078
2.54854138184 2.36595831299
2.54687075806 2.36072473145
2.54600814819 2.35557223511
2.54446676636 2.35149606323
2.5429312439 2.34649609375
2.54198217773 2.34211642456
2.54066326904 2.33795410156
2.53920397949 2.33263775635
2.53811843872 2.32876596069
2.53677340698 2.32415338135
2.53544943237 2.31893157959
2.53408203125 2.31487359619
2.53243887329 2.30947821045
2.53135394287 2.30547409058
2.52993249512 2.30072686768
2.52834188843 2.29546755981
2.52728115845 2.29158706665
2.52585339355 2.28659143066
2.52421749878 2.28176043701
2.52325100708 2.27772296143
2.52179452515 2.27243740845
2.52025814819 2.26847399902
2.51891738892 2.26336270142
2.51712503052 2.25827105713
2.51616815186 2.25441201782
2.51458633423 2.2489588623
2.51278225708 2.24451611328
2.51175527954 2.24018515015
2.51026358032 2.23492349243
2.50893807983 2.23109109497
2.50759490967 2.22592251587
2.50570175171 2.22117486572
2.50484371948 2.21696408081
2.50344723511 2.21181506348
2.5014576416 2.20747412109
2.50031033325 2.20273852539
2.49855038452 2.19764855957
2.49726208496 2.19363510132
2.49589874268 2.18848617554
2.49382995605 2.18404962158
2.49304763794 2.17974938965
2.49136914063 2.17439099121
2.48959631348 2.17002737427
2.48849060059 2.16532629395
2.48659619141 2.16078500366
2.48550256348 2.15625524902
2.48420523071 2.15135955811
2.48203579712 2.14703790283
2.48092251587 2.14230371094
2.47905828857 2.13738510132
2.47774145508 2.13293161011
2.47636849976 2.12787106323
2.47417477417 2.12359277344
2.47319552612 2.11886608887
2.47155255127 2.11394680786
2.46984298706 2.10962460327
2.46864553833 2.10449057007
2.46651992798 2.10014846802
2.46559234619 2.09560128784
2.46405184937 2.09048822021
2.46204507446 2.08628091431
2.46097045898 2.08135855103
2.45887637329 2.07693859863
2.4574526062 2.07208825684
2.45614898682 2.06714627075
2.45401361084 2.06297177124
2.45296551514 2.05799273682
2.45121920776 2.05328076172
2.44938058472 2.04863934326
2.44841293335 2.04381201172
2.44641696167 2.03942224121
2.44500906372 2.03451931763
2.44371847534 2.03006317139
2.44187759399 2.02539358521
2.44097732544 2.02050860596
2.43916116333 2.0162684021
2.43713452148 2.0110904541
2.43609197998 2.00679849243
2.43433694458 2.00239639282
2.43257403564 1.99725189209
2.43120800781 1.99351269531
2.42945516968 1.98869061279
2.42787677002 1.98368667603
2.42632553101 1.97968554687
2.42445449829 1.97448406982
2.42289297485 1.97060748291
2.42122738647 1.96576217651
2.41924700928 1.96085174561
2.41780270386 1.95694857788
2.4160894165 1.95214395142
2.41368539429 1.94766159058
2.41240765381 1.94334545898
2.41073077393 1.93840231323
2.40858370972 1.93460263062
2.40718597412 1.9298946228
2.4052131958 1.92562579346
2.40348135376 1.92148614502
2.40216046143 1.91691278076
2.39997753906 1.9131769104
2.39819906616 1.90841525269
2.39713845825 1.90478466797
2.39445669556 1.90006802368
2.39286483765 1.89526171875
2.39103173828 1.89151144409
2.38881027222 1.88700970459
2.38761340332 1.8825586853
2.38553768921 1.87881265259
2.3832588501 1.87394158936
2.38209951782 1.87000164795
2.3799876709 1.86602615356
2.37780673218 1.86138458252
2.37639242554 1.85770050049
2.37438369751 1.85355444336
2.37236862183 1.84913723755
2.37098049927 1.84564407349
2.36893780518 1.84163577271
2.36699279785 1.83740545654
2.36561080933 1.83399584961
2.36342218018 1.83015585327
2.36168273926 1.82643960571
2.36039312744 1.82227996826
2.35851000977 1.81926364136
2.35647259521 1.81516064453
2.35528735352 1.81173196411
2.35327368164 1.80801998901
2.35174627686 1.80470581055
2.35040536499 1.8013755188
2.34875006104 1.79741360474
2.34709606934 1.79430255127
2.34586410522 1.79122943115
2.34431536865 1.78776693726
2.34284118652 1.78376727295
2.3416583252 1.7810847168
2.33993222046 1.7777588501
2.33853939819 1.77431091309
2.33743508911 1.77088656616
2.33569952393 1.76757501221
2.33407980347 1.7642706604
2.33306265259 1.7612791748
2.3316322937 1.75755032349
2.33039077759 1.75386340332
2.32945730591 1.75138986206
2.32808935547 1.74807739258
2.32668502808 1.74472705078
2.32615924072 1.74177148438
2.32503414917 1.73822067261
2.32344506836 1.73521560669
2.32277651978 1.73248760986
2.32176416016 1.72897964478
2.32063119507 1.7254737854
2.32006350708 1.7223288269
2.31905249023 1.71945697021
2.3178168335 1.71623394775
2.31699707031 1.71296270752
2.31651828003 1.70978887939
2.31555566406 1.7064888916
2.31434573364 1.70337295532
2.31379776001 1.70082400513
2.31299688721 1.69747268677
2.31213568115 1.69391885376
2.31190505981 1.69105953979
2.31109237671 1.68810095215
2.31003808594 1.68474517822
2.3096307373 1.68168258667
2.30928341675 1.67830230713
2.30880145264 1.67474685669
2.3082567749 1.67169900513
2.30788452148 1.66863916016
2.30730734253 1.66497186279
2.30692697144 1.66118920898
2.3070402832 1.65760284424
2.30626455688 1.6540904541
2.30588772583 1.65063354492
2.30587033081 1.64756982422
2.30576519775 1.64364694214
2.30572732544 1.63982391357
2.30558615112 1.63699438477
2.30528088379 1.63338775635
2.30512329102 1.62919708252
2.30536297607 1.62570031738
2.30495495605 1.62182678223
2.30500253296 1.61832299805
2.30519604492 1.61471112061
2.30532614136 1.61036560059
2.30573840332 1.60679138184
2.30566625977 1.60339025879
2.30551818848 1.59903027344
2.30621536255 1.59540899658
2.30663134766 1.59107617187
2.30649047852 1.58726934814
2.30719668579 1.58355859375
2.30771615601 1.5791729126
2.30822375488 1.57494769287
2.30854898071 1.57173400879
2.30901025391 1.56702209473
2.3100765686 1.56280749512
2.31042721558 1.55865673828
2.31074688721 1.55420275879
2.31196057129 1.5503203125
2.31283132935 1.54548083496
2.31331930542 1.54148516846
2.31422024536 1.53791766357
2.31526205444 1.53288061523
2.31609689331 1.52903198242
2.31702468872 1.52455175781
2.31816430664 1.52000817871
2.31917642212 1.51678710938
2.32009136963 1.51271466064
2.32102044678 1.50879797363
2.32248178101 1.50543945312
2.32315100098 1.50207122803
2.32363894653 1.4981918335
2.32477334595 1.49531750488
2.32596588135 1.49186724854
2.32653359985 1.48854827881
2.32728268433 1.48573303223
2.32805334473 1.48320141602
2.3289909668 1.48019055176
2.3299699707 1.47692712402
2.33069250488 1.47439868164
2.33133511353 1.47198657227
2.33212893677 1.46942730713
2.33287145996 1.46629608154
2.3338097229 1.46405859375
2.33462649536 1.46166290283
2.33511740112 1.45960919189
2.33558914185 1.45743530273
2.33605041504 1.45502954102
2.33689318848 1.45316333008
2.33783648682 1.45103234863
2.33871972656 1.44904302979
2.3395007019 1.44692120361
2.33984921265 1.44491351318
2.34044839478 1.44327301025
2.34109735107 1.44175927734
2.34169949341 1.44009509277
2.34249160767 1.43828826904
2.34303067017 1.43648242187
2.34376675415 1.43457281494
2.34449298096 1.4329230957
2.34501831055 1.4315927124
2.34544439697 1.43023748779
2.34581863403 1.42884686279
2.34633953857 1.42734771729
2.34655224609 1.4254553833
2.34715124512 1.424215271
2.34774719238 1.42294519043
2.34834197998 1.42181713867
2.34895510864 1.42050805664
2.34957073975 1.4192467041
2.35011138916 1.41795111084
2.35058154297 1.4165479126
2.35089932251 1.41523272705
2.3512109375 1.41410559082
2.35150054932 1.4131361084
2.35203942871 1.41229150391
2.35235614014 1.41132580566
2.35280065918 1.41030090332
2.35315808105 1.4094105835
2.35358770752 1.40817736816
2.35400668335 1.40704370117
2.35421990967 1.40576086426
2.35472824097 1.40492730713
2.35512817383 1.4041416626
2.35556152344 1.40339691162
2.35605929565 1.40267132568
2.35650598145 1.40186706543
2.35695730591 1.40102496338
2.35729803467 1.40019287109
2.35765441895 1.39935083008
2.35800137329 1.39843597412
2.35823736572 1.39754083252
2.35847155762 1.39675189209
2.35872879028 1.39597155762
2.35895623779 1.39542352295
2.35925592041 1.39481793213
2.35953436279 1.39422576904
2.35985861206 1.39361633301
2.36008062744 1.39295153809
2.36041714478 1.39231304932
2.36068862915 1.39172064209
2.3609967041 1.39101977539
2.36125741577 1.39031036377
2.36155166626 1.3895894165
2.36183691406 1.38887286377
2.36208731079 1.38818151855
2.36233517456 1.38754699707
2.36263470459 1.38709338379
2.36288085938 1.38669421387
2.36322982788 1.38620727539
2.36348852539 1.38575012207
2.36377352905 1.38527813721
2.36403918457 1.38472332764
2.36436642456 1.38414916992
2.36460498047 1.38369152832
2.36486798096 1.3830737915
2.36514413452 1.38253070068
2.36542504883 1.38200732422
2.3656675415 1.38144384766
2.36595126343 1.38082495117
2.36617272949 1.38025616455
2.36639953613 1.3798225708
2.3666333313 1.37945214844
2.36691152954 1.37905541992
2.36709869385 1.37873547363
2.36734783936 1.37833868408
2.3675904541 1.37794500732
2.36783926392 1.37754290771
2.36810540771 1.37710699463
2.36835751343 1.37669335937
2.36855181885 1.37626098633
2.36878640747 1.37582104492
2.36902319336 1.375359375
2.36925942993 1.37488433838
2.36941275024 1.37444476318
2.3696322937 1.37397473145
2.36980841064 1.37354003906
2.37000308228 1.37311657715
2.37015609741 1.37272741699
2.37032675171 1.37240209961
2.3704743042 1.37213439941
2.37063153076 1.37190716553
2.37076150513 1.3716350708
2.37094940186 1.37133612061
2.37111569214 1.37101800537
2.37130664062 1.37069573975
2.37143127441 1.37039813232
2.37162561035 1.37010662842
2.37177600098 1.36972857666
2.37196044922 1.36938867187
2.3721255188 1.36908343506
2.37220141602 1.36870678711
2.37234701538 1.36839337158
2.37253152466 1.36794372559
2.37267486572 1.36755389404
2.37281558228 1.36718414307
2.37294778442 1.36682873535
2.37311444092 1.36640441895
2.37323953247 1.36604974365
2.37333078003 1.36577111816
2.37343209839 1.36561743164
2.37358651733 1.36537463379
2.37368173218 1.36508081055
2.37387792969 1.36486413574
2.37391586304 1.36460577393
2.37414108276 1.36434918213
2.37421447754 1.36397186279
2.37441757202 1.36388458252
2.37460299683 1.3635925293
2.37475946045 1.36332952881
2.37488253784 1.36303826904
2.37504937744 1.36280200195
2.3751703186 1.36249865723
2.37532284546 1.36216906738
2.37549450684 1.36195544434
2.37563812256 1.36160662842
2.37575753784 1.36122802734
2.37592129517 1.36096679687
2.37605813599 1.36066802979
2.37619412231 1.36027752686
2.37633346558 1.35999908447
2.37651452637 1.35978771973
2.37660958862 1.35948773193
2.37677124023 1.35930358887
2.37683709717 1.35921063232
2.37705078125 1.35902374268
2.37709143066 1.35881463623
2.37735467529 1.35869494629
2.3774536438 1.35849145508
2.37747247314 1.35825482178
2.37771820068 1.35808447266
2.37791497803 1.35790356445
2.37802035522 1.35765991211
2.37816442871 1.35734405518
2.37822854614 1.35711865234
2.37843408203 1.35689782715
2.37851144409 1.35655413818
2.37875231934 1.35640490723
2.3789302063 1.35616986084
2.37906143188 1.35593798828
2.37919992065 1.35566320801
2.37927072144 1.35521386719
2.37947607422 1.35494030762
2.37966500854 1.35470928955
2.3798274231 1.35444000244
2.37999932861 1.35419726562
2.38012750244 1.35398028564
2.38029150391 1.35370092773
2.38051467896 1.35374871826
2.38046853638 1.35335235596
2.38065597534 1.35335345459
2.38077737427 1.35317474365
2.38084576416 1.35291888428
2.38098925781 1.35275323486
2.38118209839 1.35264215088
2.38137268066 1.35252099609
2.38148373413 1.35234753418
2.38168893433 1.35213287354
2.38181170654 1.35196606445
2.38203616333 1.35176660156
2.38212402344 1.35158337402
2.38224215698 1.35139752197
2.38240261841 1.35122119141
2.38260778809 1.35099200439
2.38277093506 1.35075341797
2.38294326782 1.35053369141
2.38306509399 1.35033868408
2.38320257568 1.35014282227
2.38320028687 1.34972064209
2.38356347656 1.34961688232
2.38391549683 1.34910540771
2.38449484253 1.34844458008
2.38526153564 1.34785229492
