0.505215633622 2.49713088972
0.510405486883 2.4942490477
0.515569873263 2.49135484569
0.52070910093 2.48844864841
0.525823472837 2.48553081374
0.530913286812 2.48260169277
0.535978835653 2.47966162997
0.541020407213 2.47671096327
0.546038284495 2.47375002424
0.551032745732 2.47077913814
0.556004064477 2.46779862407
0.560952509684 2.46480879508
0.565904595324 2.46181366624
0.570863224202 2.45881367586
0.575828416018 2.45580882859
0.580800190296 2.45279912881
0.58577856639 2.44978458073
0.590763563482 2.44676518832
0.595755200591 2.44374095534
0.600753496572 2.44071188536
0.605758470125 2.43767798174
0.610770139792 2.43463924764
0.615788523967 2.43159568603
0.620813640894 2.42854729969
0.625845508672 2.4254940912
0.630884145259 2.42243606298
0.635929568474 2.41937321726
0.640981796003 2.41630555608
0.646040845395 2.41323308132
0.651106734072 2.4101557947
0.65617947933 2.40707369776
0.66125909834 2.40398679187
0.666345608152 2.40089507825
0.671439025697 2.39779855796
0.67653936779 2.39469723191
0.681646651135 2.39159110084
0.686760892324 2.38848016537
0.691882107838 2.38536442595
0.697010314058 2.38224388289
0.702145527257 2.37911853637
0.707287763608 2.37598838642
0.712437039187 2.37285343294
0.717593369972 2.36971367569
0.722756771847 2.36656911431
0.727927260605 2.36341974831
0.733104851948 2.36026557707
0.738289561491 2.35710659983
0.743502138137 2.35394536763
0.748743152628 2.35078176233
0.754012555193 2.3476155863
0.759310298929 2.34444664479
0.76463633975 2.34127474582
0.769990636346 2.33809970015
0.775373150131 2.33492132124
0.780783845204 2.33173942515
0.7862226883 2.32855383051
0.79168964875 2.3253643585
0.797184698438 2.32217083272
0.802707811759 2.31897307921
0.808258965579 2.31577092638
0.813838139197 2.31256420494
0.819445314302 2.30935274788
0.825080474938 2.30613639039
0.830743607467 2.30291496986
0.836434700529 2.29968832579
0.842153745009 2.29645629976
0.847900734002 2.29321873541
0.853675662775 2.28997547835
0.859478528739 2.28672637618
0.86530933141 2.28347127837
0.871168072379 2.2802100363
0.877054755281 2.27694250316
0.882969385763 2.27366853394
0.888911971454 2.27038798538
0.894864735581 2.26711961181
0.90079131612 2.26390160147
0.906691730243 2.26073286339
0.91256599799 2.25761233289
0.918414142182 2.2545389709
0.924236188338 2.25151176334
0.930032164585 2.24852972054
0.93580210158 2.24559187656
0.94154603243 2.24269728868
0.947263992614 2.23984503679
0.952956019908 2.23703422284
0.958622154311 2.23426397029
0.964262437973 2.23153342358
0.969876915123 2.22884174764
0.975465632008 2.22618812734
0.981028636818 2.22357176703
0.986565979629 2.22099189005
0.992077712334 2.21844773827
0.997563888586 2.21593857161
1.0030439402 2.21346313349
1.00855230142 2.21101968773
1.01408865915 2.208607327
1.01965270946 2.20622516729
1.02524415731 2.20387234727
1.03086271634 2.20154802771
1.03650810865 2.1992513909
1.04218006458 2.19698164011
1.04787832248 2.19473799904
1.05360262856 2.19251971127
1.05935273661 2.19032603979
1.06512840789 2.18815626643
1.07092941087 2.18600969145
1.07675552109 2.18388563301
1.08260652096 2.18178342671
1.08848219958 2.17970242516
1.0943823526 2.17764199751
1.10030678201 2.17560152906
1.10625529601 2.17358042082
1.11222770883 2.17157808907
1.11822384062 2.16959396503
1.12424351723 2.16762749443
1.13028657013 2.16567813714
1.13635283622 2.16374536681
1.14244215774 2.16182867051
1.14855438207 2.15992754837
1.15468936166 2.15804151328
1.16084695389 2.1561700905
1.1670270209 2.1543128174
1.17322942952 2.1524692431
1.17945405114 2.15063892818
1.18570076159 2.1488214444
1.191969441 2.14701637439
1.19825997375 2.14522331138
1.20457224831 2.1434418589
1.21090615716 2.14167163055
1.2172615967 2.13991224971
1.22363846713 2.13816334931
1.23003667235 2.13642457155
1.23645611989 2.1346955677
1.24288300166 2.13298038999
1.2492960163 2.13128544567
1.25569497721 2.12961031012
1.26207970442 2.12795456905
1.26845002439 2.12631781829
1.27480576984 2.12469966347
1.28114677962 2.12309971984
1.28747289854 2.12151761198
1.29378397717 2.11995297359
1.30007987174 2.11840544726
1.30636044399 2.11687468425
1.31262556098 2.11536034427
1.318875095 2.11386209526
1.3251188468 2.11237010637
1.33137253603 2.11086914369
1.33763627616 2.10935933423
1.34391017857 2.10784080156
1.35019435258 2.10631366587
1.35648890554 2.10477804403
1.36279394284 2.10323404975
1.369109568 2.10168179358
1.37543588269 2.10012138303
1.3817729868 2.09855292266
1.38812097847 2.09697651412
1.39447995415 2.09539225624
1.40085000864 2.09380024511
1.40723123513 2.09220057413
1.41362372526 2.09059333411
1.42002756913 2.08897861328
1.42644285537 2.08735649743
1.43286967116 2.0857270699
1.43930810228 2.0840904117
1.44575823315 2.08244660152
1.45222014686 2.08079571583
1.45869392521 2.07913782891
1.46517964872 2.07747301291
1.47167739671 2.07580133791
1.4781872473 2.07412287198
1.48470927745 2.0724376812
1.49124356299 2.07074582975
1.49779017867 2.06904737993
1.50434919815 2.06734239221
1.51089707278 2.06561281196
1.51742478955 2.06385203171
1.52393250932 2.0620605909
1.53042039092 2.06023902114
1.53688859112 2.0583878463
1.54333726468 2.05650758268
1.54976656438 2.05459873904
1.55617664105 2.05266181678
1.56256764358 2.05069730997
1.56893971895 2.04870570554
1.57529301229 2.0466874833
1.58162766686 2.04464311611
1.58794382411 2.04257306993
1.59424162368 2.04047780392
1.60052120346 2.0383577706
1.60678269956 2.03621341584
1.6130262464 2.03404517907
1.61925197669 2.03185349326
1.62546002144 2.02963878511
1.63165051005 2.02740147506
1.63782357026 2.02514197745
1.64397932822 2.02286070055
1.65011790849 2.02055804666
1.65623943408 2.01823441223
1.66234402644 2.01589018789
1.66843180553 2.01352575857
1.67450288978 2.01114150359
1.68055739617 2.00873779669
1.68659544023 2.00631500616
1.69261713602 2.0038734949
1.69862259622 2.00141362047
1.7046119321 1.99893573522
1.71058525357 1.99644018633
1.71654266915 1.99392731587
1.72248428606 1.99139746093
1.72841021018 1.9888509536
1.7343205461 1.98628812115
1.74021539711 1.98370928601
1.74609486526 1.98111476588
1.75195905134 1.97850487379
1.75780805491 1.97587991816
1.76364197432 1.97324020289
1.76946090672 1.97058602739
1.77526547498 1.96791741787
1.78107447516 1.96522512253
1.78688801379 1.96250936335
1.79270619616 1.95977035887
1.79852912639 1.95700832423
1.80435690744 1.95422347126
1.81018964107 1.95141600847
1.81602742794 1.94858614113
1.82187036758 1.9457340713
1.82771855841 1.94285999791
1.83357209776 1.93996411675
1.83943108189 1.93704662058
1.84529560601 1.93410769911
1.85116576429 1.93114753908
1.85704164986 1.9281663243
1.86292335487 1.92516423569
1.86881097045 1.92214145131
1.87470458677 1.91909814641
1.88060429302 1.91603449346
1.88651017745 1.91295066223
1.89242232738 1.90984681975
1.89834082921 1.90672313045
1.90426576842 1.9035797561
1.9101972296 1.90041685591
1.91613529649 1.89723458654
1.92208005191 1.89403310216
1.92803157788 1.89081255445
1.93398995556 1.88757309268
1.93995526526 1.88431486369
1.94592758652 1.88103801197
1.95190699804 1.87774267968
1.95789357776 1.87442900668
1.96388740281 1.87109713056
1.96988854959 1.86774718668
1.97589709373 1.86437930819
1.9819131101 1.86099362607
1.98793667287 1.85759026918
1.99396785547 1.85416936425
2.00000673063 1.85073103593
2.00605337039 1.84727540683
2.01210784608 1.84380259753
2.01817022837 1.84031272663
2.02424058726 1.83680591076
2.0303189921 1.8332822646
2.03640551159 1.82974190096
2.0424205792 1.82618495473
2.04834568673 1.8226122713
2.0541831197 1.81902485028
2.05993509737 1.81542365923
2.06560377473 1.81180963464
2.07119124436 1.80818368285
2.07669953834 1.80454668096
2.08213062999 1.80089947769
2.08748643565 1.79724289427
2.09276881633 1.79357772523
2.09797957936 1.78990473925
2.10312048 1.78622467988
2.10819322294 1.78253826635
2.11319946385 1.77884619426
2.11814081078 1.77514913632
2.12301882558 1.77144774304
2.1278350253 1.76774264338
2.13259088347 1.76403444543
2.13728783141 1.76032373699
2.14192725948 1.75661108626
2.14651051828 1.75289704234
2.15103891984 1.74918213589
2.15551373874 1.74546687964
2.15993621323 1.74175176895
2.1643075463 1.73803728231
2.16862890672 1.73432388189
2.17290143005 1.73061201401
2.17712621964 1.72690210964
2.18130434753 1.72319458483
2.18543685544 1.7194898412
2.18952475562 1.71578826634
2.19356903172 1.71209023429
2.19757063967 1.7083961059
2.20153050846 1.70470622926
2.20544954094 1.70102094007
2.20932861461 1.69734056203
2.21316858235 1.69366540722
2.21697027315 1.68999577642
2.22073449283 1.68633195946
2.22446202467 1.68267423559
2.22815363016 1.67902287377
2.23181004955 1.67537813299
2.23543200254 1.67174026259
2.23902018886 1.66810950253
2.24257528886 1.66448608369
2.24609796406 1.66087022817
2.24958885775 1.65726214953
2.25304859549 1.65366205305
2.25647778563 1.65007013601
2.25987701984 1.64648658791
2.26324687358 1.64291159075
2.26658790657 1.6393453192
2.26990066328 1.63578794087
2.27318567335 1.63223961654
2.27644024777 1.62868808271
2.27964528318 1.62505673721
2.28280290585 1.62134652191
2.28591517627 1.61755833321
2.28898409132 1.6136930234
2.29201158641 1.60975140195
2.29499953756 1.60573423686
2.29794976336 1.60164225584
2.30086402693 1.59747614756
2.30374403776 1.59323656274
2.30659145353 1.58892411534
2.30940788186 1.58453938361
2.31219488199 1.58008291111
2.31495396639 1.57555520775
2.3176866024 1.57095675078
2.3203942137 1.56628798566
2.32307818179 1.56154932704
2.32573984748 1.55674115961
2.32838051221 1.55186383894
2.33100143938 1.54691769232
2.33360385573 1.54190301951
2.33618895248 1.53682009355
2.33875788662 1.53166916146
2.34131178205 1.52645044498
2.34385173072 1.52116414124
2.34637879373 1.5158104234
2.34893040942 1.51058955654
2.35151352947 1.50555052364
2.35412387793 1.50068430767
2.35675746257 1.49598239926
2.35941055774 1.49143676715
2.36207968829 1.48703983039
2.36476161445 1.48278443216
2.36745331751 1.47866381516
2.3701519865 1.47467159836
2.37285500552 1.47080175519
2.37555994189 1.467048593
2.37826453502 1.46340673367
2.38096668583 1.45987109541
2.38366444697 1.45643687561
2.38635601345 1.45309953468
2.38903971393 1.44985478085
2.3917140025 1.44669855587
2.39437745093 1.44362702155
2.3970287414 1.44063654701
2.39966665967 1.43772369681
2.40229008863 1.43488521967
2.40489800224 1.43211803788
2.40748945987 1.42941923735
2.41006360089 1.42678605819
2.41261963971 1.42421588593
2.41515686096 1.42170624316
2.41767461513 1.41925478168
2.4201723143 1.41685927518
2.42264942825 1.41451761224
2.42510548078 1.41222778981
2.42754004617 1.40998790705
2.42995274595 1.40779615953
2.43234324585 1.40565083379
2.43471125284 1.40355030214
2.43705651249 1.40149301788
2.43937880635 1.39947751069
2.44167794963 1.39750238235
2.44396631766 1.39561688165
2.44624705524 1.39383555055
2.44851833389 1.39215356593
2.45077845109 1.39056631084
2.45302582404 1.38906936612
2.45525898361 1.38765850224
2.4574765686 1.38632967156
2.45967732026 1.38507900082
2.46186007705 1.38390278403
2.46402376962 1.38279747551
2.466167416 1.38175968334
2.46829011711 1.380786163
2.47039105232 1.37987381127
2.47246947533 1.37901966038
2.47452471019 1.37822087242
2.47655614749 1.37747473395
2.47856324076 1.3767786508
2.48054550304 1.37613014316
2.48250250352 1.37552684078
2.48443386447 1.37496647841
2.48633925821 1.37444689142
2.48821840427 1.3739660116
2.49007106667 1.37352186309
2.49189705131 1.37311255853
2.49369620351 1.37273629537
2.49546840569 1.37239135222
2.49721357506 1.37207608553
2.49893166157 1.37178892622
2.50062264579 1.37152837657
2.50228653707 1.37129300721
2.50392337163 1.37108145417
2.50553321085 1.37089241618
2.50711613958 1.37072465191
2.50867226458 1.37057697747
2.51020171303 1.37044826396
2.51170463104 1.37033743508
2.51318118239 1.37024346489
2.51463154716 1.37016537566
2.51605592053 1.37010223577
2.51745451165 1.37005315773
2.5188275425 1.37001729628
2.52017524688 1.36999384654
2.52149786941 1.36998204229
2.52279566456 1.36998115424
2.52406889583 1.36999048846
2.52531783484 1.37000938482
2.5265427606 1.37003721549
2.5277439587 1.37007338354
2.52892172063 1.3701173216
2.53007634313 1.3701684905
2.53120812751 1.37022637807
2.53231737907 1.37029049792
2.53340440655 1.37036038829
2.53446952159 1.37043561096
2.53551303823 1.37051575021
2.53653527242 1.37060041175
2.5375365416 1.37068922185
2.53851716429 1.37078182632
2.53947745967 1.37087788968
2.54041774724 1.3709770943
2.54133834645 1.37107913957
2.5422395764 1.37118374113
2.54312175554 1.37129063015
2.54398520138 1.37139955256
2.54483023021 1.37151026841
2.54565715689 1.37162255122
2.54646629461 1.3717361873
2.54725795466 1.37185097522
2.54803244626 1.3719667252
2.54879007636 1.37208325854
2.54953114949 1.37220040715
2.55025596759 1.37231801299
2.55096482988 1.37243592764
2.55165803272 1.37255401178
2.55233586948 1.37267213483
2.55299863049 1.37279017444
2.55364660285 1.37290801615
2.55428007041 1.373025553
2.55489931368 1.37314268513
2.55550460973 1.37325931945
2.55609623217 1.3733753693
2.55667445103 1.37349075414
2.55723953279 1.37360539921
2.55779174028 1.37371923527
2.55833133267 1.37383219833
2.55885856542 1.37394422932
2.55937369028 1.3740552739
2.55987695527 1.37416528219
2.56036860464 1.37427420852
2.5608488789 1.37438201124
2.56131801476 1.37448865248
2.5617762452 1.37459409798
2.56222379941 1.37469831685
2.56266090284 1.37480128142
2.56308777719 1.37490296706
2.56350464042 1.37500335199
2.56391170678 1.37510241715
2.56430918684 1.37520014603
2.56469728745 1.37529652453
2.56507621186 1.3753915408
2.56544615966 1.37548518515
2.56580732686 1.37557744988
2.56615990589 1.37566832919
2.56650408567 1.37575781905
2.56684005158 1.37584591711
2.56716798557 1.37593262256
2.56748806614 1.37601793606
2.5678004684 1.37610185966
2.5681053641 1.37618439667
2.56840292169 1.37626555161
2.56869330633 1.37634533009
2.56897667995 1.37642373878
2.56925320128 1.37650078532
2.5695230259 1.37657647823
2.5697863063 1.37665082687
2.57004319188 1.37672384136
2.57029382904 1.37679553255
2.57053836118 1.37686591192
2.57077692879 1.37693499156
2.57100966944 1.37700278411
2.57123671789 1.3770693027
2.57145820607 1.37713456093
2.57167426317 1.37719857281
2.57188501567 1.37726135273
2.57209058736 1.37732291539
2.57229109943 1.37738327582
2.57248667048 1.37744244929
2.57267741658 1.37750045131
2.5728634513 1.3775572976
2.57304488577 1.37761300404
2.5732218287 1.37766758666
2.57339438646 1.37772106162
2.57356266307 1.37777344514
2.5737267603 1.37782475357
2.57388677767 1.37787500326
2.57404281251 1.37792421063
2.57419495998 1.37797239208
2.57434331316 1.37801956404
2.57448796301 1.37806574289
2.57462899851 1.37811094499
2.57476650659 1.37815518666
2.57490057227 1.37819848412
2.57503127863 1.37824085355
2.57515870687 1.37828231104
2.57528293635 1.37832287255
2.57540404463 1.37836255397
2.5755221075 1.37840137105
2.57563719901 1.37843933943
2.5757493915 1.37847647459
2.57585875568 1.3785127919
2.5759653606 1.37854830656
2.57606927372 1.37858303363
2.57617056094 1.378616988
2.57626928664 1.3786501844
2.57636551369 1.3786826374
2.57645930349 1.37871436139
2.57655071602 1.37874537058
2.57663980983 1.378775679
2.57672664213 1.37880530052
2.57681126874 1.37883424878
2.57689374421 1.37886253728
2.57697412177 1.37889017931
2.57705245339 1.37891718797
2.57712878984 1.37894357617
2.57720318064 1.37896935662
2.57727567416 1.37899454186
2.57734631761 1.37901914421
2.57741515708 1.37904317582
2.57748223753 1.37906664862
2.57754760287 1.37908957438
2.57761129594 1.37911196465
2.57767335857 1.37913383079
2.57773383155 1.37915518398
2.57779275472 1.37917603521
2.57785016693 1.37919639526
2.5779061061 1.37921627475
2.57796060925 1.37923568409
2.57801371246 1.37925463351
2.57806545097 1.37927313307
2.57811585915 1.37929119262
2.57816497052 1.37930882184
2.5782128178 1.37932603025
2.57915360563 1.37966502621
2.58008595931 1.38002657376
2.57913057084 1.37973122162
2.58008595931 1.38002657376
2.57315720763 1.38002654503
2.56626799734 1.3799663069
2.55941843889 1.37984796055
2.55260796464 1.37967354677
2.54583602209 1.37944504185
2.53910207345 1.37916435959
2.53240559513 1.37883335327
2.52574607738 1.37845381748
2.51912302379 1.37802749003
2.51253595095 1.37755605368
2.50598438803 1.37704113786
2.49946787637 1.37648432035
2.49298596915 1.37588712889
2.48653823103 1.37525104273
2.48012423776 1.37457749417
2.47374357588 1.37386787001
2.46739584239 1.37312351296
2.46108064441 1.37234572306
2.45479759891 1.37153575897
2.44854633239 1.37069483927
2.44232648057 1.36982414376
2.43613768816 1.36892481459
2.42997217953 1.36801911302
2.42382535234 1.36712004299
2.41769717256 1.36622747094
2.41158760552 1.36534126707
2.40549661592 1.3644613053
2.39942416787 1.3635874631
2.3933702249 1.36271962138
2.38733475001 1.36185766445
2.38131770565 1.36100147984
2.37531905377 1.36015095827
2.36933875584 1.35930599351
2.36337677286 1.35846648232
2.35743306538 1.35763232434
2.35150759351 1.35680342202
2.34560031697 1.35597968051
2.33971119507 1.35516100763
2.33384018674 1.35434731374
2.32798725057 1.35353851168
2.32215234478 1.35273451672
2.31630757192 1.35192491417
2.31044454137 1.3511067216
2.30456312791 1.35028007685
2.29866320763 1.34944511337
2.29274465796 1.34860196032
2.28680735758 1.34775074273
2.28085118638 1.34689158158
2.27487602544 1.34602459395
2.26888175697 1.3451498931
2.26286826424 1.34426758861
2.25683543161 1.34337778647
2.25078314443 1.34248058917
2.24471128904 1.34157609584
2.2386197527 1.3406644023
2.23250842357 1.33974560119
2.2263771907 1.33881978205
2.22022594396 1.33788703138
2.21405457402 1.33694743279
2.20786297231 1.33600106703
2.20165103104 1.33504801207
2.19541864307 1.33408834323
2.18916570198 1.33312213321
2.182892102 1.33214945216
2.17659773797 1.3311703678
2.17028250533 1.33018494545
2.1639463001 1.32919324808
2.15758901883 1.32819533645
2.1512421757 1.3271704607
2.14495709763 1.32608543895
2.13873239439 1.32494276167
2.13256671987 1.32374483238
2.12645877051 1.32249397067
2.12040728395 1.32119241501
2.11441103758 1.31984232554
2.10846884722 1.31844578678
2.10257956584 1.31700481019
2.09674208229 1.31552133667
2.09095532007 1.31399723899
2.08521823622 1.31243432409
2.07952982016 1.3108343354
2.07388909258 1.30919895492
2.06829510444 1.3075298054
2.06274693588 1.30582845234
2.05724369533 1.30409640596
2.05178451848 1.30233512306
2.0463685674 1.30054600891
2.04099502968 1.29873041895
2.03566311751 1.29688966056
2.03037206692 1.29502499464
2.02512113693 1.29313763728
2.01991168916 1.29122156982
2.01477503787 1.28916712562
2.00970972696 1.28697581746
2.00471432613 1.28464912466
1.99978743039 1.28218849366
1.99492765959 1.27959533859
1.99013365799 1.27687104181
1.98540409379 1.27401695446
1.98073765868 1.27103439701
1.97613306742 1.26792465974
1.97158905744 1.26468900331
1.96710438836 1.26132865924
1.96267784165 1.25784483038
1.95830822017 1.25423869145
1.95399434783 1.25051138945
1.94973506913 1.24666404421
1.94552924886 1.24269774876
1.94137577167 1.23861356986
1.93727354172 1.23441254838
1.93322148233 1.23009569979
1.9292185356 1.22566401453
1.92526366209 1.22111845848
1.92135584046 1.21645997332
1.91749406716 1.21168947698
1.91367735607 1.206807864
1.90990473818 1.20181600594
1.9061752613 1.19671475173
1.90248798974 1.19150492809
1.89884200397 1.18618733985
1.89523640036 1.18076277033
1.89167029089 1.17523198171
1.88814280282 1.16959571533
1.88465307842 1.16385469208
1.88120027472 1.15800961268
1.87778356322 1.15206115805
1.8744021296 1.14600998962
1.87105517347 1.13985674963
1.86774190814 1.13360206144
1.86446193238 1.12724896536
1.8612309533 1.12090584379
1.85804808674 1.11457281197
1.85491246501 1.10824998215
1.85182323665 1.10193746365
1.848779566 1.0956353629
1.84578063304 1.08934378351
1.842825633 1.08306282629
1.8399137761 1.07679258939
1.8370442873 1.07053316823
1.83421640597 1.06428465568
1.83142938569 1.058047142
1.8286824939 1.05182071498
1.82597501171 1.04560545992
1.82330623361 1.03940145974
1.82067546724 1.03320879496
1.81808203311 1.0270275438
1.81552526438 1.02085778221
1.81300450665 1.01469958392
1.81051911767 1.00855302045
1.80806846716 1.00241816121
1.80565193655 0.996295073485
1.8032689188 0.99018382253
1.80091881816 0.984084471569
1.79860104994 0.977997081853
1.79631504034 0.971921712697
1.79406022623 0.96585842152
1.79183605496 0.95980726388
1.78964198412 0.953768293511
1.78747748142 0.947741562363
1.78534202444 0.941727120632
1.78323510047 0.935725016801
1.78115620635 0.929735297669
1.77910484822 0.92375800839
1.77708054144 0.9177931925
1.77508281035 0.911840891954
1.77309830976 0.905897120095
1.77108214752 0.899947923511
1.76903465818 0.893993149931
1.76695617076 0.888032648848
1.7648470089 0.882066271487
1.76270749085 0.876093870781
1.76053792965 0.870115301342
1.75833863314 0.864130419433
1.75610990406 0.858139082944
1.75385204014 0.85214115136
1.75156533417 0.846136485742
1.74925007405 0.840124948696
1.7469065429 0.834106404351
1.74453501912 0.828080718334
1.74213577644 0.822047757742
1.73970908402 0.816007391122
1.73725520653 0.809959488448
1.73477440415 0.803903921093
1.73226693272 0.797840561809
1.72973304376 0.791769284707
1.72717298454 0.785689965227
1.72458699817 0.779602480125
1.7219753236 0.773506707447
1.71933819578 0.767402526505
1.71667584562 0.761289817862
1.71398850012 0.755168463309
1.71127638241 0.749038345841
1.70853971179 0.742899349642
1.7057787038 0.736751360065
1.70299357029 0.730594263608
1.70018451947 0.724427947901
1.69735175595 0.718252301681
1.69449548079 0.712067214779
1.69161589161 0.7058725781
1.68871318254 0.699668283601
1.68578754439 0.693454224279
1.6828391646 0.687230294152
1.67986822736 0.680996388238
1.67687491361 0.674752402545
1.67385940112 0.668498234048
1.67082186453 0.662233780675
1.66776247539 0.655958941291
1.66468140222 0.649673615685
1.66157905294 0.643405721959
1.65845661279 0.637243274797
1.65531529455 0.631183533712
1.65215627111 0.625223838676
1.64898067672 0.619361607701
1.64578960814 0.613594334489
1.64258412582 0.607919586163
1.63936525501 0.602335001052
1.63613398683 0.596838286559
1.63289127933 0.59142721708
1.62963805849 0.586099631995
1.62637521922 0.580853433713
1.62310362632 0.575686585782
1.61982411538 0.570597111048
1.61653749371 0.565583089882
1.6132445412 0.560642658446
1.60994601115 0.555774007024
1.60664263112 0.550975378394
1.60333510368 0.546245066255
1.60002410724 0.5415814137
1.59671029675 0.536982811733
1.59339430441 0.532447697832
1.59007674045 0.52797455456
1.58675819374 0.523561908208
1.58343923245 0.519208327488
1.58012040474 0.51491242226
1.57680223936 0.510672842304
1.57348524621 0.506488276119
1.57016991699 0.502357449766
1.56685672572 0.498279125745
1.56354612932 0.494252101902
1.5602385681 0.490275210375
1.55693446632 0.486347316565
1.55363423268 0.482467318143
1.55033826077 0.478634144086
1.5470469296 0.474846753739
1.543760604 0.471104135912
1.5404796351 0.467405307994
1.53720436074 0.463749315106
1.53393510588 0.460135229268
1.53067218304 0.456562148603
1.52741589264 0.453029196548
1.52416652342 0.44953552111
1.52083529254 0.446099950535
1.517417095 0.44272149144
1.51391308627 0.439397735341
1.51032436796 0.436126349574
1.50665198951 0.432905074731
1.50289694974 0.429731722173
1.49906019846 0.426604171641
1.49514263793 0.423520368928
1.49114512431 0.420478323641
1.48706846906 0.417476107035
1.48291344026 0.414511849915
1.47868076398 0.411583740609
1.47437112545 0.408690023012
1.46998517034 0.405828994689
1.46552350591 0.402999005045
1.46098670212 0.400198453553
1.45637529275 0.397425788044
1.45168977645 0.39467950305
1.44693061775 0.391958138203
1.44209824805 0.389260276688
1.43719306656 0.386584543749
1.43221544124 0.383929605236
1.42716570964 0.38129416621
1.42204417979 0.378676969592
1.41685113102 0.376076794847
1.41163637328 0.373530452222
1.40643363259 0.37106121709
1.40124454377 0.368667019443
1.39607067089 0.366345841291
1.39091350953 0.364095715406
1.38577448887 0.3619147241
1.38065497376 0.359800998029
1.37555626671 0.357752715023
1.37047960989 0.35576809895
1.36542618698 0.353845418603
1.36039712505 0.351982986607
1.35539349636 0.350179158366
1.35041632011 0.348432331018
1.3455124705 0.346738851644
1.34089932926 0.345087280419
1.33656062975 0.343476580253
1.33248099392 0.341905739718
1.32864588428 0.340373772418
1.32504155843 0.338879716365
1.32165502607 0.337422633379
1.31847400835 0.336001608494
1.31548689931 0.334615749391
1.31268272951 0.333264185828
1.31005113157 0.331946069102
1.30758230749 0.330660571512
1.30526699789 0.329406885839
1.30309645276 0.328184224841
1.30106240385 0.326991820757
1.29915703857 0.325828924827
1.29737297522 0.324694806818
1.29570323963 0.323588754571
1.29414124304 0.322510073548
1.29268076111 0.3214580864
1.29131591416 0.320432132539
1.29004114844 0.319431567725
1.28885121835 0.318455763662
1.28774116968 0.317504107601
1.2867063238 0.316576001956
1.28574226256 0.315670863931
1.28484481416 0.314788125152
1.28401003967 0.313927231309
1.28323422035 0.313087641811
1.28251384561 0.312268829443
1.28184560166 0.31147028004
1.28122636071 0.310691492158
1.28065317085 0.309931976762
1.28012324638 0.309191256922
1.27963395872 0.308468867508
1.2791828278 0.307764354901
1.27876751391 0.307077276707
1.27838581 0.306407201482
1.27803563439 0.305753708456
1.27771502386 0.305116387274
1.27742212717 0.304494837735
1.27715519886 0.303888669541
1.27691259344 0.303297502054
1.27669275984 0.302720964055
1.27649423626 0.30215869351
1.27631564516 0.301610337348
1.27615568865 0.301075551231
1.27601314407 0.300553999345
1.27588685981 0.300045354185
1.27577575136 0.299549296351
1.27567879759 0.299065514348
1.27559503724 0.298593704389
1.27552356556 0.298133570204
1.27546353115 0.297684822855
1.27541413303 0.297247180555
1.27537461777 0.296820368489
1.27534427685 0.296404118645
1.27532244414 0.295998169642
1.27530849351 0.295602266566
1.2753018366 0.295216160814
1.27530192067 0.294839609933
1.27530822661 0.294472377472
1.27532026701 0.294114232829
1.27533758441 0.293764951111
1.27535974956 0.293424312988
1.27538635983 0.293092104559
1.2754170377 0.292768117217
1.27545142933 0.292452147516
1.2754892032 0.292143997046
1.27553004882 0.291843472305
1.27557367553 0.291550384582
1.27561981138 0.291264549835
1.27566820203 0.290985788575
1.27571860971 0.290713925756
1.2757708123 0.290448790666
1.2758246024 0.290190216813
1.27587978648 0.289938041829
1.27593618404 0.289692107362
1.2759936269 0.289452258979
1.27605195842 0.28921834607
1.27611103285 0.288990221751
1.27617071468 0.288767742772
1.27623087801 0.28855076943
1.27629140602 0.288339165478
1.27635219039 0.288132798042
1.27641313079 0.287931537533
1.27647413442 0.287735257573
1.27653511554 0.287543834908
1.27659599504 0.287357149337
1.27665670003 0.287175083631
1.27671716348 0.286997523463
1.27677732381 0.286824357337
1.27683712462 0.286655476514
1.2768965143 0.286490774946
1.27695544578 0.286330149211
1.2770138762 0.286173498444
1.27707176669 0.286020724278
1.27712908206 0.28587173078
1.27718579061 0.28572642439
1.27724186388 0.285584713865
1.27729727645 0.285446510217
1.27735200572 0.285311726664
1.27740603174 0.285180278569
1.27745933705 0.28505208339
1.27751190645 0.284927060629
1.27756372693 0.284805131777
1.27761478743 0.28468622027
1.27766507878 0.28457025144
1.27771459352 0.284457152464
1.27776332581 0.284346852323
1.27781127129 0.284239281755
1.27785842697 0.284134373211
1.27790479113 0.284032060815
1.27795036327 0.28393228032
1.27799514394 0.283834969071
1.27803913471 0.283740065961
1.27808233809 0.283647511397
1.27812475741 0.28355724726
1.2781663968 0.283469216869
1.27820726113 0.283383364946
1.27824735587 0.283299637581
1.27828668714 0.283217982198
1.27832526157 0.283138347522
1.27836308629 0.283060683548
1.27840016888 0.282984941506
1.27843651732 0.282911073836
1.27847213994 0.282839034152
1.27850704541 0.282768777218
1.27854124265 0.282700258916
1.27857474087 0.282633436221
1.27860754947 0.282568267172
1.27863967806 0.282504710847
1.27867113639 0.282442727336
1.27870193436 0.282382277716
1.278732082 0.28232332403
1.2787615894 0.282265829257
1.27879046674 0.282209757294
1.27881872424 0.282155072932
1.27884637217 0.282101741831
1.2788734208 0.282049730502
1.27889988042 0.281999006287
1.2789257613 0.281949537331
1.27895107368 0.281901292573
1.27897582779 0.281854241717
1.27900003378 0.281808355218
1.27902370176 0.281763604261
1.27949213707 0.280880106459
1.27999450464 0.280015452296
1.28009567494 0.279020583174
1.28051110924 0.279930206363
1.27951327066 0.279995919086
1.28217409809 0.286393742631
1.28482169503 0.292625811108
1.28745533149 0.298696731797
1.2900743362 0.30461109921
1.29267807728 0.31037336847
1.29526596068 0.315987859699
1.29783742869 0.321458762246
1.30039195849 0.326790138797
1.30292906075 0.331985929342
1.30544827828 0.337049955023
1.30794918476 0.341985921849
1.31043138342 0.346797424305
1.31289450592 0.351487948839
1.31533821111 0.356060877233
1.31776218396 0.360519489879
1.32016613443 0.364866968939
1.32254979648 0.36910640141
1.324912927 0.373240782088
1.3272553049 0.377273016444
1.32966249818 0.381170397116
1.33216613905 0.38492343376
1.33476265547 0.388537472327
1.33744860768 0.39201766077
1.34022068332 0.395368956386
1.34307569272 0.39859613287
1.34601056432 0.401703787118
1.34902234034 0.404696345776
1.35210817252 0.407578071543
1.35526531812 0.410353069243
1.35849113596 0.413025291675
1.36178308268 0.415598545241
1.36513870913 0.418076495367
1.36855565684 0.420462671727
1.37203165472 0.42276047327
1.37556451577 0.42497317306
1.37915213401 0.427103922939
1.38279248142 0.429155758017
1.38648360514 0.431131600996
1.39022362459 0.433034266331
1.39401072887 0.434866464243
1.39784317414 0.436630804573
1.40171928113 0.438329800506
1.40563743279 0.439965872149
1.40959607195 0.441541349975
1.4135936991 0.443058478147
1.41762887028 0.444519417712
1.42170019499 0.44592624968
1.42579979362 0.447280505856
1.42991713459 0.448583467144
1.43405088025 0.449837028383
1.43819974503 0.451043014606
1.44236249341 0.45220318361
1.44653793816 0.453319228434
1.45072493851 0.454392779743
1.45492239842 0.455425408125
1.45912926496 0.456418626302
1.46334452664 0.457373891267
1.46756721197 0.458292606328
1.47179638789 0.459176123093
1.47603115838 0.460025743369
1.48027066309 0.460842720999
1.48451407602 0.461628263625
1.48876060421 0.462383534395
1.49300948654 0.463109653597
1.49725999256 0.46380770024
1.50151142131 0.464478713572
1.50576310025 0.465123694548
1.51001438421 0.465743607236
1.51426465434 0.46633938018
1.51850071 0.466916425176
1.52263429243 0.467506918676
1.52556797861 0.473713872519
1.52856089277 0.479910890854
1.5316124062 0.48609820952
1.53472189862 0.492276061429
1.53788875807 0.498444676607
1.5411123808 0.504604282233
1.54439217117 0.510755102677
1.54772754154 0.516897359533
1.55111791218 0.523031271661
1.55456271113 0.529157055217
1.55806137415 0.535274923695
1.56161334458 0.541385087956
1.56521807325 0.547487756268
1.56887501839 0.553583134335
1.57258364553 0.559671425334
1.5763434274 0.565752829949
1.58015384386 0.571827546401
1.58401438176 0.57789577048
1.58792453491 0.583957695584
1.59188380392 0.590013512739
1.59589169617 0.596063410641
1.5999477257 0.602107575681
1.60405141313 0.608146191975
1.60820228554 0.614179441398
1.61239987643 0.620207503609
1.61664372564 0.626230556084
1.62093337921 0.632248774141
1.62526838936 0.638262330973
1.6296334778 0.64425612389
1.63401049965 0.650212173682
1.63839915926 0.656130965604
1.64279916558 0.662012977778
1.64721023211 0.6678586813
1.65163207677 0.673668540345
1.6560644219 0.679443012272
1.66050699416 0.685182547724
1.66495952448 0.690887590726
1.66942174796 0.696558578788
1.67389340387 0.702195943001
1.67837423553 0.707800108129
1.68286399029 0.71337149271
1.68736241942 0.718910509143
1.69186927812 0.724417563781
1.6963843254 0.729893057024
1.70090732405 0.735337383405
1.70543804059 0.740750931678
1.70997624519 0.746134084904
1.71452171163 0.751487220537
1.71907421725 0.756810710506
1.72363354289 0.7621049213
1.72819947285 0.767370214047
1.7327717948 0.772606944593
1.73735029977 0.777815463582
1.74193478209 0.782996116537
1.74652503934 0.788149243929
1.75112087228 0.793275181258
1.75572208482 0.798374259127
1.760328484 0.803446803311
1.76493987987 0.808493134833
1.76955608553 0.813513570033
1.77417691703 0.818508420638
1.77880219332 0.82347799383
1.78343173626 0.828422592317
1.78806537051 0.833342514395
1.79270292355 0.838238054017
1.79734422558 0.843109500858
1.80198910953 0.847957140374
1.80663741097 0.852781253872
1.81128896812 0.857582118568
1.81594362177 0.862360007646
1.82060121528 0.867115190322
1.82526159448 0.871847931901
1.82992460771 0.876558493837
1.83454270794 0.881170412062
1.83911328406 0.885680811989
1.84363681687 0.890091843261
1.84811378245 0.894405610826
1.85254465227 0.898624175862
1.85692989317 0.902749556676
1.86126996742 0.906783729588
1.86556533277 0.910728629794
1.86981644248 0.91458615222
1.87402374539 0.918358152345
1.8781876859 0.92204644702
1.88230870406 0.925652815261
1.88638723563 0.929178999029
1.89042371202 0.932626703997
1.89441856046 0.935997600296
1.89837220394 0.939293323249
1.90228506128 0.94251547409
1.90615754718 0.945665620664
1.90999007226 0.948745298121
1.91378304307 0.951756009586
1.91754432946 0.954698068509
1.92133791982 0.95756305186
1.92516367117 0.960352452345
1.92902144592 0.963067731819
1.93291111173 0.965710321915
1.93683254146 0.968281624656
1.94078561302 0.970783013059
1.9447702093 0.973215831728
1.94878621809 0.975581397429
1.952833532 0.977880999655
1.95691204835 0.980115901186
1.96102166908 0.982287338628
1.96516230071 0.984396522948
1.96933385421 0.986444639992
1.97353624494 0.988432851001
1.97776939261 0.990362293107
1.98203322113 0.992234079824
1.98632765859 0.994049301532
1.99065263717 0.995809025941
1.99500809308 0.997514298556
1.99939396648 0.999166143129
2.0038102014 1.0007655621
2.0082567457 1.00231353702
2.01273355098 1.003811029
2.01724057255 1.0052589791
2.02177776932 1.00665830875
2.02634510379 1.00800992015
2.03094254193 1.00931469665
2.03557005318 1.01057350315
2.04022761038 1.01178718646
2.04491518966 1.01295657565
2.04963277048 1.01408248247
2.05438033548 1.01516570163
2.05915787049 1.01620701119
2.06396536447 1.0172071729
2.06880280943 1.01816693249
2.07366422162 1.01910059744
2.07852783057 1.02005810898
2.08339379389 1.02103884754
2.08826226495 1.02204221178
2.09313339295 1.02306761812
2.09800732306 1.02411450016
2.10288419657 1.0251823082
2.10776415095 1.02627050879
2.11264731999 1.02737858419
2.11753383393 1.02850603195
2.1224238195 1.02965236445
2.12731740011 1.03081710847
2.13221469587 1.03199980477
2.13711582373 1.03320000768
2.14202089757 1.03441728469
2.14693002828 1.03565121609
2.15184332384 1.03690139457
2.15676088942 1.03816742487
2.16168282747 1.03944892345
2.16660923779 1.04074551808
2.17154021759 1.04205684758
2.1764758616 1.04338256147
2.18141626213 1.04472231965
2.18636150912 1.04607579209
2.19131169025 1.04744265857
2.19626689097 1.04882260835
2.20122719459 1.05021533993
2.20619268233 1.05162056074
2.21116343339 1.05303798694
2.216139525 1.05446734308
2.22112103249 1.05590836193
2.22610802935 1.0573607842
2.23110058724 1.05882435831
2.23609877612 1.06029884021
2.24110266423 1.06178399307
2.24611231819 1.06327958714
2.25112780301 1.06478539955
2.25614918217 1.06630121405
2.26117651764 1.06782682085
2.26620986995 1.06936201646
2.2712492982 1.07090660343
2.27629486014 1.07246039026
2.28134661218 1.07402319116
2.28640460944 1.07559482593
2.2914689058 1.07717511974
2.2965395539 1.07876390305
2.30161660524 1.08036101137
2.30670011015 1.08196628519
2.31179011785 1.08357956979
2.31688667651 1.08520071509
2.32200074885 1.08683924184
2.32715683236 1.08851646234
2.33235557284 1.09023213226
2.33759761602 1.09198602223
2.34288360772 1.09377791746
2.34821419406 1.09560761745
2.35359002162 1.09747493568
2.35901173756 1.09937969927
2.36447998988 1.10132174872
2.36999542748 1.10330093763
2.37555870039 1.10531713236
2.38117045992 1.10737021185
2.38683135877 1.10946006729
2.39254205124 1.1115866019
2.39830319334 1.11374973066
2.40411544295 1.11594938012
2.40997945997 1.11818548813
2.41589590647 1.1204580036
2.42186544681 1.12276688636
2.4278887478 1.12511210686
2.43396647883 1.12749364605
2.44009931199 1.12991149513
2.44628499086 1.13236444009
2.45234451468 1.13477799776
2.45828058313 1.13715273437
2.46409583482 1.13948921022
2.46979284876 1.14178797963
2.47537414578 1.14404959091
2.48084218989 1.14627458642
2.48619938972 1.14846350249
2.49144809975 1.15061686943
2.49659062163 1.15273521157
2.50162920547 1.15481904724
2.506566051 1.15686888874
2.51140330883 1.15888524242
2.51614308156 1.16086860864
2.52078742493 1.1628194818
2.5252357275 1.16472945058
2.52941414631 1.16659215379
2.53333792096 1.16840876111
2.53702145532 1.17018041326
2.54047836274 1.17190822274
2.5437215089 1.17359327451
2.54676305231 1.17523662668
2.54961448264 1.17683931119
2.55228665695 1.17840233443
2.55478983406 1.17992667789
2.55713370698 1.18141329877
2.5593274336 1.18286313058
2.56137966581 1.18427708373
2.56329857691 1.1856560461
2.56509188769 1.1870008836
2.56676689101 1.18831244071
2.56833047507 1.18959154102
2.56978914543 1.19083898772
2.57114904587 1.19205556414
2.57241597809 1.19324203422
2.57359542034 1.19439914299
2.57469254509 1.19552761706
2.57571223567 1.19662816503
2.57665910213 1.197701478
2.57753749608 1.19874822993
2.57835152489 1.19976907812
2.57910506502 1.20076466362
2.57980177466 1.20173561159
2.58044510568 1.20268253173
2.58103831497 1.20360601866
2.58158447509 1.20450665226
2.58208648441 1.20538499809
2.5825470767 1.20624160769
2.58296883013 1.20707701897
2.58335417588 1.20789175651
2.58370540621 1.20868633193
2.58402468211 1.20946124417
2.58431404057 1.21021697983
2.58457540139 1.21095401348
2.58481057369 1.21167280792
2.58502126202 1.21237381452
2.58520907214 1.21305747346
2.58537551653 1.21372421406
2.58552201952 1.21437445497
2.58564992223 1.21500860452
2.58576048717 1.21562706092
2.58585490266 1.21623021251
2.5859342869 1.21681843805
2.58599969195 1.21739210691
2.58605210738 1.21795157931
2.58609246383 1.21849720658
2.58612163623 1.21902933133
2.586140447 1.21954828771
2.58614966897 1.2200544016
2.58615002818 1.2205479908
2.58614220651 1.22102936526
2.58612684421 1.22149882725
2.58610454221 1.22195667158
2.58607586439 1.22240318573
2.58604133964 1.22283865011
2.58600146392 1.22326333814
2.58595670207 1.22367751651
2.58590748962 1.22408144531
2.58585423448 1.22447537817
2.58579731852 1.22485956247
2.58573709903 1.22523423944
2.58567391021 1.22559964437
2.58560806443 1.2259560067
2.58553985356 1.22630355022
2.58546955012 1.22664249316
2.58539740843 1.22697304835
2.58532366565 1.22729542337
2.58524854282 1.22760982064
2.58517224578 1.2279164376
2.5850949661 1.22821546678
2.58501688187 1.22850709595
2.58493815855 1.22879150824
2.58485894973 1.22906888224
2.58477939778 1.22933939214
2.58469963459 1.22960320778
2.58461978217 1.22986049484
2.58453995325 1.23011141487
2.58446025184 1.23035612545
2.5843807738 1.23059478022
2.5843016073 1.23082752906
2.58422283329 1.23105451812
2.58414452599 1.23127588993
2.58406675329 1.23149178351
2.58398957712 1.23170233441
2.58391305388 1.23190767486
2.58383723473 1.23210793379
2.58376216599 1.23230323697
2.5836878894 1.23249370702
2.58361444245 1.23267946355
2.58354185861 1.2328606232
2.58347016768 1.23303729974
2.58339939593 1.2332096041
2.58332956643 1.23337764449
2.58326069921 1.23354152642
2.58319281146 1.2337013528
2.5831259178 1.23385722399
2.58306003034 1.23400923788
2.58299515899 1.23415748991
2.5829313115 1.23430207318
2.58286849368 1.23444307849
2.58280670955 1.23458059436
2.58274596142 1.23471470716
2.58268625006 1.23484550111
2.58262757481 1.23497305832
2.58256993369 1.23509745891
2.58251332349 1.23521878098
2.58245773988 1.23533710072
2.58240317752 1.23545249243
2.58234963011 1.23556502857
2.5822970905 1.2356747798
2.58224555074 1.23578181505
2.58219500219 1.23588620151
2.58214543554 1.23598800475
2.58209684089 1.23608728869
2.58204920785 1.23618411567
2.58200252552 1.23627854649
2.58195678259 1.23637064046
2.58191196737 1.23646045539
2.58186806786 1.2365480477
2.58182507174 1.23663347238
2.58178296647 1.23671678308
2.58174173927 1.2367980321
2.5817013772 1.23687727048
2.58166186715 1.23695454796
2.58162319591 1.23702991307
2.58158535016 1.23710341313
2.58154831652 1.23717509431
2.58151208156 1.23724500161
2.58147663182 1.23731317893
2.58144195384 1.23737966908
2.58140803418 1.23744451382
2.58137485942 1.23750775386
2.58134241619 1.23756942891
2.58131069117 1.2376295777
2.58127967113 1.237688238
2.58124934292 1.23774544665
2.58121969347 1.23780123957
2.58119070984 1.2378556518
2.58116237918 1.2379087175
2.58113468878 1.23796046999
2.58110762605 1.23801094178
2.58108117854 1.23806016455
2.58105533396 1.23810816922
2.58103008013 1.23815498592
2.58100540507 1.23820064407
2.58098129691 1.23824517232
2.58050453893 1.23912420692
2.58000350734 1.23998963592
2.5799392287 1.24098756791
2.58056458563 1.24020722906
2.57958238098 1.24001941527
2.57837815277 1.23390067899
2.57720890825 1.2277750632
2.57607379492 1.22164265829
2.57497181646 1.21550366244
2.57390200565 1.20935826806
2.57286342348 1.20320666191
2.57185515837 1.19704902532
2.57087632533 1.19088553433
2.56992606522 1.18471635983
2.56900354397 1.17854166773
2.56810795186 1.17236161909
2.56723850281 1.16617637027
2.56639443369 1.15998607307
2.56557500362 1.15379087486
2.56477949338 1.14759091869
2.56400720473 1.14138634347
2.56325745981 1.13517728402
2.56252960055 1.12896387124
2.56182298809 1.12274623221
2.56113700222 1.11652449029
2.56046590171 1.11029689498
2.55979923053 1.10405988555
2.55913684844 1.09781348375
2.55847861902 1.0915577104
2.55782440957 1.08529258543
2.55717409104 1.07901812792
2.55652753789 1.07273435612
2.55588462801 1.06644128744
2.55524524262 1.06013893853
2.5546092662 1.05382732524
2.55397658636 1.04750646268
2.55334709379 1.04117636523
2.55272068217 1.03483704657
2.55209724807 1.02848851967
2.55147669087 1.02213079684
2.5508589127 1.01576388972
2.55024381838 1.00938780934
2.5496313153 1.00300256608
2.54902131337 0.996608169734
2.54841372497 0.990204629507
2.54780846485 0.983791954029
2.54720545009 0.977370151374
2.54660460001 0.970939229077
2.54600583616 0.964499194143
2.54540908218 0.958050053067
2.54481854904 0.951593371366
2.54424395628 0.945132788492
2.54368487361 0.938668409748
2.54314088238 0.932200337597
2.54261157521 0.925728671737
2.54209655573 0.919253509173
2.54159543828 0.912774944292
2.54110784759 0.906293068934
2.54063341854 0.899807972459
2.54017179584 0.893319741816
2.53972263382 0.886828461605
2.53928559612 0.880334214144
2.53886035547 0.873837079529
2.53844659342 0.867337135693
2.53804400014 0.860834458466
2.53765227413 0.854329121632
2.53727112207 0.847821196981
2.53690025852 0.841310754367
2.53653940576 0.834797861757
2.53618829358 0.828282585286
2.53584665903 0.8217649893
2.53551626337 0.815245870487
2.53520554075 0.80872848295
2.53491391425 0.802212939951
2.53464082358 0.795699351337
2.53438572468 0.78918782364
2.53414808917 0.782678460175
2.53392740396 0.776171361128
2.53372317076 0.769666623654
2.5335349057 0.763164341957
2.53336213889 0.75666460738
2.53320441398 0.750167508486
2.53306128785 0.743673131139
2.53293233015 0.737181558582
2.53281712299 0.730692871513
2.53271526053 0.724207148157
2.53262634868 0.717724464339
2.53255000471 0.711244893556
2.53248585698 0.704768507038
2.53243354457 0.698295373819
2.53239271699 0.691825560798
2.53236303388 0.685359132803
2.53234416471 0.678896152648
2.53233578852 0.672436681192
2.53233759361 0.665980777398
2.5323492773 0.659528498385
2.53237054563 0.653079899483
2.53240111317 0.646635034285
2.53244070273 0.640193954695
2.53248904511 0.633756710979
2.53254587892 0.627323351812
2.5326109503 0.620893924324
2.53268401276 0.614468474145
2.53276482689 0.608047045448
2.53285316025 0.601629680991
2.53294878709 0.595216422158
2.53305148818 0.588807308999
2.53316105064 0.58240238027
2.53327726776 0.576001673468
2.53339993878 0.569605224869
2.53352886876 0.563213069563
2.53366386838 0.556825241488
2.53379987001 0.550439996096
2.53393190163 0.544055540385
2.53406007915 0.537671851304
2.53418451506 0.531288906475
2.53430531858 0.524906684172
2.53442259576 0.518525163304
2.53453644951 0.512144323396
2.53464697979 0.50576414457
2.53475428359 0.499384607528
2.53485845511 0.493005693537
2.53495958578 0.486627384408
2.53505776437 0.480249662486
2.53515307704 0.473872510629
2.53524560746 0.467495912197
2.53533543684 0.461119851035
2.53545344726 0.454764893522
2.53562221137 0.448446835516
2.53583948595 0.442165462765
2.53610311457 0.435920562258
2.53641102439 0.429711922222
2.53676122289 0.423539332114
2.53715179488 0.417402582614
2.53758089952 0.411301465616
2.53804676754 0.405235774222
2.53854769846 0.399205302738
2.53908205802 0.393209846662
2.53964827563 0.38724920268
2.54024484198 0.381323168658
2.54087030668 0.375431543637
2.54152327602 0.369574127825
2.54220241083 0.363750722587
2.5429064244 0.357961130445
2.54363408047 0.352205155067
2.54438419132 0.346482601258
2.54515561592 0.34079327496
2.54594725813 0.33513698324
2.54675806504 0.329513534286
2.54758702528 0.323922737399
2.54843316742 0.318364402987
2.54929555853 0.312838342561
2.55017330262 0.307344368723
2.55106553927 0.301882295167
2.55197144228 0.296451936665
2.55289021837 0.291053109068
2.5538211059 0.285685629293
2.55476337365 0.280349315322
2.55571631972 0.275043986194
2.55663620302 0.269928422709
2.55752124049 0.265006640453
2.55837275209 0.260271298856
2.55919200782 0.255715335409
2.55998022956 0.25133195514
2.56073859288 0.247114620474
2.56146822886 0.243057041482
2.5621702257 0.239153166507
2.5628456304 0.235397173127
2.56349545028 0.231783459483
2.56412065451 0.228306635915
2.56472217556 0.224961516929
2.56530091055 0.22174311346
2.56585772265 0.218646625432
2.56639344231 0.215667434602
2.56690886851 0.212801097667
2.56740477001 0.21004333964
2.56788188639 0.207390047474
2.56834092927 0.204837263926
2.56878258326 0.202381181659
2.56920750709 0.200018137557
2.5696163345 0.197744607268
2.57000967523 0.195557199944
2.57038811593 0.193452653186
2.57075222102 0.191427828175
2.57110253355 0.189479704994
2.57143957599 0.187605378122
2.57176385102 0.185802052103
2.57207584228 0.184067037373
2.57237601508 0.18239774625
2.57266481712 0.180791689078
2.57294267913 0.179246470509
2.57321001553 0.177759785932
2.57346722503 0.176329418038
2.57371469126 0.17495323351
2.57395278328 0.173629179844
2.57418185621 0.172355282284
2.57440225168 0.171129640882
2.57461429842 0.169950427659
2.57481831268 0.168815883882
2.57501459873 0.167724317441
2.57520344932 0.166674100323
2.57538514611 0.165663666186
2.5755599601 0.164691508023
2.57572815201 0.16375617591
2.57588997269 0.162856274852
2.57604566349 0.161990462695
2.5761954566 0.161157448126
2.57633957545 0.160355988748
2.57647823497 0.15958488923
2.57661164196 0.158842999516
2.57673999541 0.15812921312
2.57686348673 0.157442465466
2.57698230011 0.156781732308
2.57709661276 0.156146028199
2.57720659516 0.155534405019
2.57731241135 0.154945950565
2.57741421914 0.15437978719
2.57751217038 0.153835070492
2.57760641116 0.153310988055
2.57769708203 0.152806758238
2.57778431822 0.152321629009
2.57786824984 0.151854876826
2.57794900208 0.151405805551
2.57802669535 0.15097374542
2.57810144556 0.150558052038
2.57817336417 0.15015810542
2.57824255845 0.149773309069
2.5783091316 0.14940308908
2.57837318291 0.149046893292
2.57843480792 0.148704190456
2.57849409852 0.148374469451
2.57855114315 0.148057238515
2.57860602689 0.147752024516
2.5786588316 0.147458372242
2.57870963602 0.147175843729
2.57875851594 0.146904017599
2.57880554425 0.146642488438
2.5788507911 0.146390866191
2.57889432396 0.146148775575
2.57893620776 0.145915855527
2.57897650498 0.145691758658
2.57901527571 0.145476150739
2.57905257777 0.145268710204
2.57908846681 0.145069127666
2.57912299634 0.144877105458
2.57915621787 0.14469235719
2.57918818095 0.144514607319
2.57921893324 0.144343590741
2.57924852061 0.144179052395
2.57927698719 0.144020746879
2.57930437544 0.143868438091
2.5793307262 0.143721898869
2.57935607877 0.143580910659
2.57938047097 0.143445263183
2.57940393918 0.143314754132
2.57942651839 0.143189188857
2.57944824229 0.143068380086
2.57946914327 0.142952147637
2.5794892525 0.142840318158
2.57950859999 0.14273272486
2.57952721457 0.142629207274
2.57954512402 0.142529611008
2.57956235505 0.142433787521
2.57957893336 0.142341593896
2.57959488367 0.142252892632
2.57961022977 0.142167551436
2.57962499454 0.142085443026
2.57963920002 0.142006444942
2.57965286738 0.141930439362
2.57966601702 0.141857312929
2.57967866853 0.141786956577
2.5796908408 0.141719265374
2.57970255197 0.141654138363
2.57971381952 0.14159147841
2.57972466024 0.141531192062
2.57973509031 0.141473189403
2.57974512528 0.141417383927
2.57975478012 0.141363692403
2.57976406922 0.141312034752
2.57977300645 0.141262333931
2.57994998835 0.140278119824
2.58012697024 0.139293905717
2.57994998835 0.140278119824
2.58012697024 0.139293905717
2.58133985144 0.145410841635
2.58251732765 0.151534820042
2.58366043237 0.157665635362
2.58477016895 0.163803088021
2.58584751142 0.169946984268
2.58689340538 0.17609713601
2.58790876886 0.182253360645
2.58889449305 0.1884154809
2.58985144316 0.194583324676
2.59078045912 0.2007567249
2.59168235635 0.206935519374
2.59255792647 0.213119550636
2.593407938 0.21930866582
2.59423313699 0.225502716521
2.59503424776 0.231701558669
2.59581197346 0.237905052397
2.59656699672 0.244113061921
2.59729998023 0.250325455422
2.59801156737 0.256542104929
2.5987023827 0.262762886204
2.59937303257 0.268987678638
2.60002410563 0.275216365142
2.60065617334 0.281448832045
2.60126979048 0.287684968994
2.60186549564 0.293924668858
2.60244381169 0.300167827632
2.60300524622 0.306414344348
2.60355029202 0.312664120985
2.60407942749 0.318917062383
2.60459311708 0.325173076159
2.60509181164 0.33143207263
2.60557594891 0.337693964727
2.60604595382 0.343958667926
2.60650223891 0.350226100166
2.60694520467 0.356496181787
2.6073752399 0.362768835449
2.60779272205 0.369043986074
2.60819801756 0.375321560772
2.60859148216 0.381601488784
2.60897346122 0.387883701414
2.60934428999 0.394168131971
2.60974029788 0.400461877335
2.61019331895 0.406771562098
2.61070243674 0.413097666046
2.61126675707 0.419440662758
2.61188540753 0.425801019758
2.61255753704 0.432179198684
2.61328231537 0.438575655435
2.6140589327 0.444990840327
2.61488659914 0.451425198241
2.61576454434 0.457879168769
2.61669201704 0.464353186352
2.61766828465 0.470847680428
2.61869263289 0.47736307556
2.61976436533 0.483899791574
2.62088280304 0.490458243687
2.62204728423 0.497038842637
2.62325716381 0.503641994808
2.62451181311 0.510268102351
2.62581061948 0.516917563305
2.62715298595 0.523590771714
2.6285383309 0.530288117743
2.62996608772 0.537009987787
2.6314357045 0.543756764585
2.63294664371 0.550528827329
2.63449838186 0.557326551762
2.63609040926 0.56415031029
2.63769368446 0.570901046673
2.63928936057 0.5775164041
2.64087712495 0.58399929008
2.64245668066 0.590352545947
2.644027746 0.596578948428
2.64559005394 0.602681211184
2.64714335169 0.608661986306
2.64868740018 0.614523865773
2.65022197359 0.620269382882
2.65174685894 0.625901013633
2.65326185565 0.63142117809
2.65476677507 0.636832241703
2.65626144011 0.642136516595
2.65774568485 0.647336262826
2.65921935411 0.652433689622
2.6607680565 0.657439269507
2.66241475512 0.66235799801
2.66415811417 0.667192626315
2.66599684529 0.671945836078
2.66792970646 0.676620241321
2.66995550085 0.681218390273
2.6720730757 0.685742767171
2.67428132131 0.690195794
2.67657916994 0.694579832198
2.67896559484 0.69889718431
2.68143960927 0.703150095601
2.68400026553 0.707340755623
2.68664665405 0.711471299746
2.68937790246 0.71554381064
2.69219317475 0.719560319726
2.69509167043 0.723522808587
2.69807262362 0.727433210336
2.70113530236 0.731293410955
2.70427900774 0.735105250593
2.70750307319 0.738870524834
2.7108068637 0.74259098593
2.71418977516 0.746268344001
2.71765123362 0.749904268199
2.72119069462 0.753500387855
2.72478193015 0.75707209583
2.72837279716 0.760648233354
2.73196338524 0.764228701972
2.73555378049 0.767813407169
2.73914406561 0.771402258219
2.74273432009 0.774995168034
2.74632462029 0.778592053015
2.74991503959 0.78219283292
2.75350564851 0.785797430729
2.75709651479 0.789405772515
2.76068770355 0.793017787321
2.76427927736 0.796633407044
2.76787129634 0.800252566324
2.77146381828 0.803875202428
2.77505689872 0.807501255155
2.77865059101 0.811130666727
2.78224494648 0.814763381702
2.7858400144 0.818399346871
2.78943584219 0.822038511181
2.79303247538 0.825680825639
2.79662995776 0.829326243237
2.80022833143 0.832974718871
2.80382763684 0.836626209267
2.80742791289 0.840280672907
2.81102919698 0.843938069958
2.81463152506 0.847598362209
2.8182349317 0.851261513005
2.82187864876 0.854917626684
2.82557540505 0.858564291589
2.82932438379 0.86220275603
2.83312480871 0.865834224705
2.83697594256 0.869459860459
2.84087708558 0.873080785976
2.8448275741 0.876698085399
2.84882677914 0.880312805893
2.85287410514 0.883925959138
2.85696898864 0.887538522774
2.86111089714 0.891151441776
2.86529932785 0.894765629791
2.86953380665 0.898381970406
2.87381388696 0.90200131838
2.87813914874 0.905624500816
2.88250919749 0.909252318298
2.8869236633 0.912885545973
2.89138219994 0.916524934598
2.89588448397 0.920171211546
2.90043021394 0.923825081763
2.90501910952 0.927487228699
2.90963603253 0.931170690314
2.91423639034 0.934912830515
2.91882111609 0.938712638289
2.92339111822 0.94256913403
2.92794728119 0.946481368653
2.9324904662 0.950448422739
2.93702151183 0.9544694057
2.94154123469 0.958543454971
2.94605043006 0.962669735225
2.95054987252 0.966847437605
2.95504031651 0.971075778986
2.95952249695 0.975354001254
2.96399712978 0.979681370603
2.96846491251 0.984057176855
2.97292652475 0.988480732803
2.97738262874 0.992951373563
2.98183386984 0.997468455955
2.98628087702 1.00203135789
2.99072426335 1.0066394778
2.99516462641 1.01129223404
2.9996025488 1.01598906434
3.00403859856 1.02072942529
3.00847332955 1.02551279177
3.01290728192 1.03033865649
3.01734098245 1.03520652946
3.021774945 1.04011593751
3.02620967084 1.04506642386
3.03064564902 1.05005754761
3.03506898678 1.05503326014
3.03946672924 1.05994338933
3.04383860604 1.06478883524
3.0481843621 1.0695704849
3.05250375717 1.07428921254
3.0567965654 1.07894587971
3.06106257493 1.08354133557
3.06530158752 1.08807641701
3.06951341809 1.09255194886
3.07369789442 1.0969687441
3.0778548567 1.10132760399
3.08198415724 1.10562931829
3.08608566006 1.10987466545
3.09015924054 1.11406441271
3.09420478513 1.11819931636
3.09822219098 1.12228012184
3.10221136563 1.12630756395
3.10617222669 1.13028236698
3.11010470155 1.13420524487
3.11400872706 1.13807690141
3.11788424926 1.14189803034
3.12173122306 1.14566931553
3.125549612 1.14939143114
3.12933938797 1.15306504172
3.13310412092 1.15675268284
3.13684714655 1.16050085476
3.14056960179 1.16430945608
3.144272602 1.16817839998
3.14795724152 1.17210761405
3.15162459424 1.17609703997
3.15527571408 1.18014663334
3.15891163561 1.18425636346
3.16253337451 1.18842621307
3.16614192805 1.19265617821
3.16973827567 1.19694626797
3.17332337936 1.20129650432
3.17689818421 1.20570692188
3.18046361882 1.21017756781
3.18402059578 1.21470850157
3.18757001209 1.21929979476
3.19111274959 1.22395153097
3.1946496754 1.2286638056
3.19818164229 1.23343672572
3.20170948912 1.23827040989
3.20523404123 1.24316498805
3.20880173659 1.24802624332
3.21243584452 1.25280406963
3.2161329427 1.25750157254
3.21988975318 1.26212172958
3.22370313638 1.26666739551
3.22757008534 1.27114130746
3.23148772018 1.27554608984
3.23545328282 1.27988425896
3.23946413191 1.2841582276
3.24351773795 1.28837030924
3.24761167865 1.29252272225
3.25174363446 1.2966175938
3.25591138427 1.30065696368
3.26011280135 1.3046427879
3.26434584937 1.30857694221
3.26860857869 1.31246122538
3.27289912268 1.31629736248
3.27721569433 1.32008700786
3.28155658287 1.32383174813
3.28592015065 1.32753310498
3.29030483004 1.33119253786
3.29470912055 1.33481144657
3.29913158601 1.33839117373
3.30357085191 1.34193300719
3.30802560279 1.34543818225
3.31249457983 1.3489078839
3.31697657844 1.35234324885
3.32147044604 1.3557453676
3.32597507984 1.35911528631
3.33048942482 1.36245400865
3.33501247171 1.36576249759
3.33954325506 1.36904167705
3.34408085146 1.37229243356
3.34862437774 1.3755156178
3.35317298931 1.37871204605
3.35772587856 1.38188250169
3.3622822733 1.38502773649
3.36684143528 1.38814847199
3.37140265879 1.39124540071
3.37596526928 1.39431918735
3.38052862207 1.39737046999
3.38509210109 1.40039986114
3.38965511772 1.40340794884
3.39421710959 1.40639529765
3.39877753952 1.40936244964
3.40333589446 1.41230992531
3.40791714447 1.41518767919
3.41252851731 1.41797900948
3.41716738928 1.42068616967
3.42183122394 1.42331135826
3.42651756976 1.42585672002
3.43122405776 1.42832434725
3.43594839931 1.43071628108
3.44068838389 1.4330345126
3.44544187698 1.43528098408
3.45020681798 1.43745759012
3.45498121814 1.43956617878
3.45976315861 1.44160855267
3.46455078849 1.44358647002
3.46934232293 1.44550164575
3.47413604135 1.44735575247
3.47886565961 1.44915346319
3.48331217983 1.45090668637
3.4874915036 1.45261652293
3.49141866243 1.45428404655
3.49510786481 1.45591030435
3.49857254073 1.45749631751
3.50182538388 1.45904308196
3.5048783914 1.46055156899
3.50774290172 1.46202272583
3.51042963016 1.46345747628
3.51294870274 1.46485672129
3.51530968812 1.4662213395
3.51752162781 1.46755218782
3.51959306481 1.46885010193
3.52153207061 1.47011589686
3.52334627084 1.47135036744
3.52504286948 1.47255428886
3.52662867175 1.47372841712
3.5281101058 1.47487348948
3.52949324323 1.475990225
3.53078381851 1.47707932492
3.53198724726 1.47814147314
3.53310864371 1.47917733661
3.53415283708 1.4801875658
3.53512438711 1.48117279508
3.53602759879 1.48213364311
3.53686653625 1.48307071326
3.53764503593 1.48398459394
3.53836671901 1.48487585903
3.53903500319 1.48574506818
3.53965311383 1.4865927672
3.54022409447 1.48741948842
3.54075081681 1.48822575095
3.54123599012 1.48901206108
3.54168217015 1.48977891258
3.54209176758 1.49052678697
3.542467056 1.49125615389
3.54281017941 1.49196747133
3.54312315938 1.49266118596
3.54340790181 1.49333773339
3.54366620329 1.49399753846
3.54389975714 1.49464101548
3.54411015911 1.49526856851
3.54429891279 1.49588059164
3.54446743471 1.49647746917
3.54461705913 1.4970595759
3.54474904268 1.49762727738
3.54486456858 1.49818093007
3.5449647508 1.49872088164
3.54505063787 1.49924747116
3.54512321655 1.49976102928
3.54518341527 1.5002618785
3.54523210738 1.50075033332
3.54527011426 1.50122670045
3.5452982082 1.50169127904
3.54531711517 1.5021443608
3.54532751745 1.50258623026
3.54533005603 1.50301716487
3.54532533299 1.50343743524
3.5453139137 1.50384730527
3.54529632884 1.50424703234
3.54527307644 1.50463686746
3.54524462367 1.50501705542
3.54521140865 1.50538783495
3.54517384207 1.50574943888
3.54513230877 1.50610209429
3.54508716921 1.50644602261
3.5450387609 1.50678143981
3.54498739968 1.50710855652
3.54493338099 1.50742757815
3.54487698105 1.50773870502
3.54481845797 1.50804213251
3.54475805281 1.50833805114
3.54469599054 1.50862664675
3.54463248103 1.50890810054
3.5445677199 1.50918258926
3.54450188938 1.50945028527
3.54443515906 1.50971135667
3.5443676867 1.50996596739
3.54429961887 1.51021427732
3.54423109167 1.51045644238
3.5441622313 1.51069261464
3.54409315471 1.51092294239
3.54402397012 1.51114757028
3.54395477756 1.51136663935
3.54388566939 1.51158028716
3.54381673071 1.51178864789
3.54374803988 1.51199185236
3.54367966888 1.51219002817
3.54361168371 1.51238329977
3.54354414481 1.51257178852
3.54347710736 1.51275561279
3.54341062162 1.512934888
3.54334473324 1.51310972672
3.5432794836 1.51328023875
3.54321491001 1.51344653116
3.54315104604 1.51360870837
3.5430879217 1.51376687221
3.54302556375 1.51392112201
3.54296399583 1.51407155462
3.54290323876 1.51421826452
3.54284331064 1.51436134381
3.5427842271 1.51450088236
3.54272600145 1.51463696778
3.54266864482 1.51476968552
3.54261216634 1.51489911893
3.54255657328 1.51502534927
3.54250187116 1.51514845583
3.54244806392 1.51526851589
3.54239515398 1.51538560485
3.54234314241 1.51549979624
3.54229202899 1.51561116176
3.54224181232 1.51571977135
3.54219248995 1.5158256932
3.5421440584 1.51592899382
3.5420965133 1.51602973809
3.54204984942 1.51612798926
3.54200406078 1.51622380903
3.5419591407 1.51631725757
3.54191508186 1.51640839356
3.54187187635 1.51649727423
3.54182951576 1.51658395539
3.54178799119 1.51666849147
3.54174729333 1.51675093556
3.54170741247 1.51683133942
3.54166833859 1.51690975355
3.54163006135 1.51698622717
3.54159257017 1.51706080833
3.54155585422 1.51713354384
3.5415199025 1.51720447938
3.54148470383 1.51727365949
3.54145024689 1.51734112762
3.54141652025 1.51740692613
3.5413835124 1.51747109634
3.54135121176 1.51753367855
3.54131960669 1.51759471205
3.54128868555 1.51765423516
3.54125843667 1.51771228527
3.54122884839 1.51776889883
3.54119990907 1.51782411138
3.54117160713 1.51787795761
3.54114393099 1.51793047131
3.54111686918 1.51798168547
3.54109041027 1.51803163224
3.54106454292 1.51808034299
3.54103925587 1.5181278483
3.54101453797 1.51817417802
3.54099037817 1.51821936122
3.54051805799 1.51910078827
3.54001698314 1.51996619222
3.53963030907 1.52088840866
3.53985690452 1.5199144197
3.54083077054 1.52014154298
