3.49715471246 2.4965598491
3.4943035521 2.49312074745
3.49144654269 2.48968267814
3.48858370787 2.48624562434
3.48571507112 2.48280956932
3.48284065576 2.47937449646
3.47996048498 2.47594038921
3.47707458181 2.47250723115
3.47418296912 2.46907500592
3.47128566967 2.46564369727
3.46838270603 2.46221328907
3.46547410065 2.45878376523
3.46255987585 2.4553551098
3.45964005377 2.4519273069
3.45671465644 2.44850034075
3.45378370572 2.44507419565
3.45084722336 2.44164885599
3.44790523095 2.43822430628
3.44495774995 2.43480053109
3.44200480168 2.43137751508
3.43904640731 2.427955243
3.4360825879 2.42453369971
3.43311336434 2.42111287013
3.43013875743 2.41769273927
3.4271587878 2.41427329225
3.4241919056 2.41089884336
3.42123850039 2.40756988237
3.41829852585 2.4042858482
3.41537193559 2.40104618646
3.4124586832 2.39785034938
3.40955872221 2.3946977957
3.40667200615 2.39158799062
3.40379848852 2.38852040572
3.40093812278 2.38549451887
3.39809086237 2.38250981418
3.39525666074 2.37956578192
3.3924354713 2.37666191842
3.38962724745 2.37379772603
3.3868319426 2.37097271306
3.38404951015 2.36818639366
3.38127990348 2.36543828779
3.37852307598 2.36272792116
3.37577898107 2.36005482513
3.37304757213 2.35741853665
3.37032880259 2.35481859824
3.36762262588 2.35225455784
3.36492899542 2.34972596884
3.36224786469 2.34723238993
3.35957918715 2.34477338511
3.35692291631 2.34234852357
3.3542790057 2.33995737968
3.35164740886 2.33759953287
3.34902807938 2.33527456764
3.34642097087 2.33298207345
3.34382603698 2.33072164466
3.3412432314 2.32849288052
3.33867250784 2.32629538504
3.33611382008 2.32412876702
3.33356712191 2.32199263991
3.33103236719 2.31988662182
3.32850950982 2.31781033542
3.32599850375 2.31576340793
3.32349930297 2.313745471
3.32101186154 2.31175616075
3.31853613357 2.30979511762
3.31607207322 2.3078619864
3.31361963471 2.30595641613
3.31117877234 2.30407806007
3.30874944043 2.30222657563
3.3063315934 2.30040162435
3.30392518574 2.29860287185
3.30153017197 2.29682998773
3.29914650672 2.2950826456
3.29677414466 2.29336052298
3.29441304055 2.29166330126
3.29206314922 2.28999066569
3.28972442557 2.28834230528
3.28739682458 2.28671791279
3.28508030131 2.2851171847
3.2827748109 2.28353982111
3.28048030857 2.28198552577
3.27819674961 2.28045400597
3.27592408943 2.27894497254
3.27366228347 2.2774581398
3.27141128731 2.27599322551
3.26917105658 2.27454995083
3.26694154702 2.27312804029
3.26472271446 2.27172722174
3.2625145148 2.27034722633
3.26031690405 2.26898778844
3.25812983832 2.26764864565
3.25595327379 2.26632953874
3.25378716676 2.2650302116
3.25163147362 2.26375041122
3.24948615085 2.26248988765
3.24735115503 2.26124839397
3.24522644285 2.26002568623
3.24311197109 2.25882152344
3.24100769664 2.25763566755
3.23891357649 2.25646788336
3.23682956772 2.25531793853
3.23475562754 2.25418560354
3.23269171324 2.25307065164
3.23063778224 2.25197285884
3.22859379204 2.25089200387
3.22655970028 2.24982786813
3.22453546467 2.24878023568
3.22252104307 2.24774889319
3.22051639341 2.24673362994
3.21852147377 2.24573423776
3.21653624231 2.24475051099
3.21456065732 2.24378224651
3.21259467719 2.24282924364
3.21063826043 2.24189130413
3.20869136566 2.24096823217
3.20675395163 2.24005983432
3.20482597719 2.2391659195
3.20290740131 2.23828629893
3.20099818307 2.23742078617
3.19909828167 2.23656919703
3.19720765644 2.23573134955
3.1953262668 2.23490706402
3.19345407233 2.23409616291
3.19159103269 2.23329847083
3.18973710767 2.23251381458
3.1878922572 2.23174202303
3.18607225496 2.23098796509
3.18428420553 2.2302536845
3.18037741668 2.2311480938
3.17647216739 2.23206329694
3.17256840927 2.23299905521
3.16866609454 2.23395513289
3.16476517596 2.23493129719
3.16086560688 2.23592731824
3.15696734121 2.23694296902
3.15307033342 2.23797802538
3.14917453851 2.23903226593
3.14527991203 2.24010547206
3.14138641008 2.24119742791
3.13749398926 2.2423079203
3.13360260671 2.24343673869
3.12971222009 2.24458367521
3.12582278755 2.24574852458
3.12193426775 2.24693108405
3.11804661984 2.24813115344
3.11415980348 2.24934853507
3.11027377879 2.2505830337
3.10638850638 2.25183445657
3.10250394732 2.25310261329
3.09862006316 2.25438731589
3.0947368159 2.25568837871
3.090854168 2.25700561844
3.08697208237 2.25833885405
3.08309052235 2.25968790678
3.07920945173 2.26105260008
3.07532883472 2.26243275966
3.07144863597 2.26382821335
3.06756882055 2.26523879117
3.06368935393 2.26666432525
3.05981020201 2.26810464985
3.05593133109 2.26955960125
3.05205270786 2.27102901783
3.04817429941 2.27251273995
3.04429607324 2.27401061001
3.0404179972 2.27552247234
3.03654003955 2.27704817326
3.03266216892 2.27858756097
3.02878435431 2.2801404856
3.02490656508 2.28170679915
3.02102877095 2.28328635547
3.01715094202 2.28487901023
3.01327304871 2.28648462094
3.00939506183 2.28810304685
3.0055169525 2.289734149
3.00163869219 2.29137779017
2.99776025272 2.29303383486
2.99388160621 2.29470214924
2.99000272515 2.2963826012
2.98612358232 2.29807506026
2.98224415083 2.29977939756
2.97836440411 2.30149548589
2.97448431589 2.30322319962
2.97060386023 2.30496241468
2.96672301148 2.30671300858
2.96284174428 2.30847486035
2.95896003358 2.31024785054
2.95507785461 2.31203186119
2.95119518292 2.31382677585
2.94731199431 2.31563247948
2.94342826488 2.31744885854
2.939543971 2.31927580087
2.93565908931 2.32111319573
2.93177359675 2.32296093379
2.9278874705 2.32481890707
2.92400068802 2.32668700894
2.92011322701 2.32856513413
2.91622506544 2.33045317869
2.91233618156 2.33235103995
2.90844655384 2.33425861655
2.904556161 2.33617580841
2.90066498202 2.33810251668
2.89677299611 2.34003864379
2.89288018274 2.34198409336
2.88898652158 2.34393877024
2.88509199258 2.34590258047
2.88119657588 2.34787543128
2.87730025187 2.34985723106
2.87340300115 2.35184788934
2.86950480457 2.35384731681
2.86560564315 2.35585542526
2.86170549819 2.35787212762
2.85780435114 2.35989733789
2.85390218371 2.36193097117
2.8499989778 2.3639729436
2.84609471551 2.36602317241
2.84218937914 2.36808157585
2.83828295122 2.37014807321
2.83437541444 2.37222258479
2.83046675172 2.3743050319
2.82655694615 2.37639533684
2.82264598101 2.37849342288
2.81873383979 2.38059921427
2.81482050615 2.38271263622
2.81090596394 2.38483361485
2.80699019717 2.38696207725
2.80307319007 2.38909795141
2.79915492702 2.39124116624
2.79523539257 2.39339165152
2.79131457147 2.39554933795
2.7873924486 2.39771415709
2.78346900905 2.39988604137
2.77954423806 2.40206492405
2.77562558132 2.40421642924
2.77172360028 2.40629249431
2.76783817756 2.40829506507
2.76396919757 2.41022603896
2.76011654654 2.41208726624
2.75628011241 2.41388055115
2.75245978481 2.41560765307
2.74865545506 2.4172702876
2.74486701607 2.41887012766
2.74109436235 2.42040880454
2.73733738996 2.42188790895
2.73359599649 2.42330899199
2.72987008099 2.42467356613
2.72615954397 2.42598310622
2.72246428735 2.42723905036
2.71878421446 2.42844280082
2.71511452373 2.42960276833
2.71144564538 2.43073430241
2.70777755949 2.43183810003
2.70411024665 2.43291484106
2.70044368791 2.43396518872
2.69677786477 2.43498978999
2.69311275921 2.43598927595
2.68944835364 2.43696426224
2.68578463091 2.43791534941
2.68212157426 2.43884312327
2.67845916738 2.4397481553
2.67479739434 2.44063100293
2.67113623959 2.44149220997
2.667475688 2.44233230687
2.66381572476 2.44315181109
2.66015633546 2.4439512274
2.65649750604 2.44473104821
2.65283922276 2.44549175383
2.64918147223 2.44623381284
2.64552424141 2.4469576823
2.64186751755 2.44766380808
2.63821128823 2.44835262511
2.63455554131 2.44902455767
2.63090026498 2.44968001965
2.62724544771 2.45031941476
2.62359107823 2.45094313685
2.61993714558 2.4515515701
2.61628363904 2.45214508926
2.61263054818 2.45272405993
2.60897786279 2.45328883871
2.60532557295 2.45383977349
2.6016710226 2.45437298715
2.5980069492 2.4548773624
2.59433321093 2.45535341233
2.59064966748 2.45580163934
2.58695618008 2.45622253535
2.58325261139 2.456616582
2.57953882553 2.45698425087
2.57581468798 2.45732600366
2.57208006562 2.45764229243
2.56833482662 2.45793355975
2.56457884047 2.45820023892
2.56081197792 2.45844275415
2.55703411094 2.45866152073
2.55324511271 2.45885694524
2.54944485758 2.45902942569
2.54563322106 2.45917935172
2.54181007974 2.45930710476
2.53797531132 2.45941305818
2.53412879455 2.45949757748
2.5302704092 2.45956102043
2.52640003607 2.45960373724
2.52251755691 2.45962607067
2.51862285445 2.45962835626
2.51471581231 2.45961092238
2.51079631505 2.45957409046
2.50686424808 2.45951817508
2.50291949767 2.4594434841
2.49896195095 2.45935031884
2.49499149582 2.45923897418
2.49100802097 2.45910973868
2.48701141589 2.45896289474
2.48300157078 2.4587987187
2.47897837655 2.45861748096
2.47494172486 2.45841944613
2.470891508 2.45820487309
2.46682761896 2.45797401516
2.46274995133 2.45772712018
2.45865839937 2.45746443065
2.4545528579 2.45718618378
2.45043322235 2.45689261167
2.44629938871 2.45658394135
2.44215125352 2.45626039491
2.43798871385 2.45592218961
2.43381278627 2.45558637953
2.42962464189 2.45527097611
2.42542432778 2.45497562282
2.42121188973 2.45469996989
2.4169873723 2.45444367423
2.41275081885 2.45420639924
2.40850227153 2.45398781477
2.40424177136 2.45378759692
2.39996935816 2.45360542798
2.39568507068 2.45344099628
2.39138894651 2.45329399608
2.38708102221 2.45316412747
2.38276133322 2.45305109627
2.37842991398 2.45295461389
2.37408679788 2.45287439725
2.3697320173 2.45281016866
2.36536560364 2.45276165573
2.36098758732 2.45272859127
2.3565979978 2.45271071319
2.35219686363 2.45270776439
2.3477842124 2.4527194927
2.34336007083 2.45274565074
2.33892446474 2.45278599587
2.33447741906 2.45284029009
2.33001895789 2.45290829995
2.32554910448 2.45298979644
2.32107435923 2.45307624868
2.31660770662 2.45315093552
2.31214913856 2.45321403816
2.30769864685 2.45326573528
2.30325622321 2.4533062031
2.29882185929 2.45333561536
2.29439554664 2.45335414341
2.28997727675 2.45336195621
2.28556704099 2.45335922037
2.28116483071 2.4533461002
2.27677063712 2.45332275771
2.27238445141 2.45328935267
2.26800626467 2.45324604261
2.26363606791 2.45319298289
2.25927385208 2.45313032669
2.25491960806 2.45305822507
2.25057332668 2.45297682699
2.24623499865 2.45288627933
2.24190461468 2.45278672692
2.23758216537 2.45267831258
2.23326764126 2.45256117715
2.22896103286 2.45243545948
2.22466233058 2.45230129651
2.22037152479 2.45215882326
2.21608860581 2.45200817287
2.21181356388 2.45184947663
2.20754638921 2.45168286398
2.20328707192 2.45150846257
2.19903560212 2.45132639826
2.19479196983 2.45113679516
2.19055616503 2.45093977564
2.18632817766 2.45073546036
2.1821079976 2.4505239683
2.17789561469 2.45030541678
2.1736910187 2.45007992146
2.16949419939 2.44984759641
2.16530514644 2.44960855409
2.1611238495 2.44936290538
2.15695029818 2.44911075961
2.15278448205 2.4488522246
2.14862639062 2.44858740664
2.14447601337 2.44831641054
2.14033333976 2.44803933962
2.13619835917 2.44775629579
2.13207106098 2.44746737949
2.12795143451 2.44717268979
2.12383946905 2.44687232434
2.11973515386 2.44656637944
2.11563847816 2.44625495002
2.11154943113 2.44593812969
2.10746800194 2.44561601074
2.10339417969 2.44528868416
2.09932795348 2.44495623967
2.09526931238 2.44461876571
2.0912182454 2.44427634951
2.08717474156 2.44392907704
2.08313878981 2.44357703307
2.07911037912 2.44322030118
2.07508949839 2.44285896376
2.07107613652 2.44249310206
2.06707028238 2.44212279616
2.06306791061 2.44175413237
2.05906317411 2.44139583575
2.05505605148 2.44104778763
2.05104652152 2.44070987079
2.04703456323 2.44038196942
2.04302015584 2.4400639691
2.03900327874 2.43975575678
2.03498391156 2.4394572208
2.03096203408 2.43916825084
2.02693762632 2.43888873788
2.02291066845 2.43861857426
2.01888114086 2.4383576536
2.0148490241 2.43810587078
2.01081429893 2.437863122
2.00677694627 2.43762930466
2.00273694722 2.43740431743
1.99869428308 2.4371880602
1.9946489353 2.43698043405
1.99060088552 2.43678134128
1.98655011553 2.43659068534
1.98249660731 2.43640837088
1.978440343 2.43623430368
1.97438130489 2.43606839065
1.97031947546 2.43591053985
1.96625483732 2.43576066041
1.96218737326 2.43561866261
1.95811706623 2.43548445777
1.95404389931 2.4353579583
1.94996785575 2.43523907767
1.94588891895 2.43512773039
1.94180707246 2.43502383199
1.93772229997 2.43492729905
1.93363458532 2.43483804914
1.92954391249 2.43475600081
1.92545026561 2.43468107364
1.92135362894 2.43461318813
1.91725398688 2.43455226577
1.91315132397 2.434498229
1.90904562489 2.43445100119
1.90493687444 2.43441050664
1.90082505756 2.43437667056
1.89671015932 2.43434941906
1.89259216491 2.43432867917
1.88847105966 2.43431437876
1.88434682901 2.43430644662
1.88021945854 2.43430481236
1.87608893394 2.43430940646
1.87195524102 2.43432016025
1.86781836572 2.43433700587
1.86367829409 2.4343598763
1.85953501229 2.43438870532
1.85538850661 2.43442342752
1.85123876343 2.43446397827
1.84708576927 2.43451029372
1.84292951074 2.43456231082
1.83876997457 2.43461996725
1.83460714759 2.43468320147
1.83044101673 2.43475195267
1.82627156905 2.43482616078
1.82209879169 2.43490576646
1.8179226719 2.43499071109
1.81374319703 2.43508093676
1.80956035453 2.43517638626
1.80537413195 2.43527700307
1.80118451694 2.43538273136
1.79699149725 2.43549351598
1.7927950607 2.43560930243
1.78859519524 2.43573003689
1.78439188888 2.4358556662
1.78018512973 2.43598613782
1.77597490602 2.43612139986
1.77177668116 2.43627959357
1.76759965851 2.43647129015
1.76344357847 2.43669581294
1.75930818581 2.43695249753
1.75519322957 2.43724069149
1.75109846302 2.43755975419
1.74702364357 2.43790905661
1.74296853266 2.43828798108
1.73893289577 2.4386959211
1.73491650225 2.43913228118
1.73091912534 2.43959647656
1.72694054203 2.44008793312
1.72298053307 2.44060608709
1.71903888282 2.44115038493
1.71511537923 2.44172028315
1.71120981381 2.44231524807
1.70732198149 2.44293475573
1.70345168062 2.44357829164
1.69959871288 2.44424535065
1.69576288324 2.44493543679
1.69194399989 2.44564806307
1.68814187418 2.44638275135
1.68435632058 2.4471390322
1.68058715661 2.44791644467
1.67683420279 2.44871453624
1.67309728259 2.44953286256
1.66937622239 2.45037098742
1.66567085138 2.4512284825
1.66198100159 2.4521049273
1.65830650776 2.45299990896
1.65464720735 2.45391302215
1.65100294047 2.45484386891
1.64737354982 2.45579205855
1.64375888066 2.4567572075
1.64015878078 2.45773893917
1.63657310042 2.45873688385
1.63300169225 2.45975067859
1.62944441133 2.46077996704
1.62590111506 2.46182439939
1.62237166312 2.4628836322
1.61885591747 2.46395732832
1.61535374229 2.46504515676
1.61186500393 2.46614679258
1.60838957088 2.46726191682
1.60492731375 2.46839021632
1.60147810521 2.46953138368
1.59804181994 2.47068511713
1.59461833466 2.47185112044
1.59120752801 2.47302910281
1.58780928057 2.47421877877
1.58442347482 2.47541986811
1.58104999509 2.47663209575
1.57768872755 2.47785519168
1.57433956014 2.47908889086
1.57100238258 2.48033293312
1.56767708633 2.48158706307
1.56436356453 2.48285103004
1.56106171201 2.48412458798
1.55775128034 2.48540227605
1.55442226421 2.48668150729
1.55107462135 2.48796238324
1.54770830831 2.48924500406
1.54432328048 2.49052946854
1.54091949209 2.49181587415
1.53749689625 2.49310431708
1.53405544493 2.49439489223
1.530595089 2.49568769329
1.52711577822 2.49698281271
1.52361746127 2.49828034178
1.52010008576 2.49958037062
1.51656359822 2.50088298824
1.51300794413 2.50218828252
1.50943306794 2.50349634029
1.50583891305 2.50480724732
1.50222542185 2.50612108833
1.49859253571 2.50743794706
1.49494019501 2.50875790626
1.49126833912 2.51008104774
1.48757690644 2.51140745234
1.48386583438 2.51273720001
1.48013505939 2.51407036981
1.47638451697 2.51540703992
1.47261414166 2.51674728768
1.46882386708 2.5180911896
1.46501362587 2.51943882137
1.4611833498 2.5207902579
1.45733296968 2.52214557334
1.45346241543 2.52350484107
1.44957161605 2.52486813375
1.44566049967 2.52623552334
1.44172899349 2.52760708106
1.43777702386 2.52898287751
1.43380451624 2.53036298258
1.4298113952 2.53174746555
1.42579758448 2.53313639505
1.42176300693 2.5345298391
1.41770758456 2.53592786515
1.41371622657 2.53731487452
1.40985212737 2.53867900122
1.40611099425 2.54002062276
1.40248868365 2.54134011043
1.39898119589 2.5426378294
1.39558467014 2.54391413879
1.39229537947 2.54516939182
1.38910972617 2.54640393588
1.38602423719 2.54761811262
1.38303555976 2.54881225805
1.38014045714 2.54998670266
1.37733580453 2.55114177145
1.37461858518 2.55227778409
1.37198588653 2.55339505497
1.36943489658 2.55449389328
1.36696290036 2.55557460313
1.36456727651 2.55663748358
1.36224549397 2.5576828288
1.35999510887 2.55871092807
1.3578137614 2.55972206591
1.35569917291 2.56071652215
1.35364914304 2.561694572
1.35166154698 2.56265648614
1.34973433283 2.56360253076
1.34786551901 2.56453296768
1.34605319187 2.56544805439
1.34429550323 2.56634804414
1.34259066814 2.567233186
1.34093696264 2.56810372492
1.33933272166 2.56895990182
1.33777633693 2.56980195364
1.33626625499 2.57063011342
1.33480097533 2.57144461034
1.33337904847 2.57224566982
1.33199907423 2.57303351354
1.33065969997 2.57380835953
1.32935961899 2.57457042223
1.32809756887 2.57531991253
1.32687232995 2.57605703786
1.32568272385 2.5767820022
1.32452761204 2.5774950062
1.32340589441 2.57819624716
1.32231650799 2.57888591915
1.32125842562 2.57956421304
1.32023065472 2.58023131654
1.31923223611 2.58088741427
1.31826224281 2.58153268779
1.31731977894 2.58216731569
1.31640397867 2.5827914736
1.31551400514 2.58340533424
1.31464904949 2.5840090675
1.31380832984 2.58460284046
1.31299109044 2.58518681745
1.31219660068 2.58576116007
1.31142415428 2.58632602728
1.31067306844 2.58688157539
1.309942683 2.58742795815
1.3092323597 2.58796532677
1.30854148139 2.58849382996
1.30786945136 2.58901361399
1.30721569255 2.58952482271
1.30657964696 2.59002759757
1.30596077493 2.59052207774
1.30535855457 2.59100840004
1.30477248111 2.59148669907
1.3042020663 2.5919571072
1.3036468379 2.5924197546
1.30310633909 2.59287476932
1.30258012795 2.59332227728
1.30206777696 2.59376240231
1.30156887249 2.59419526623
1.30108301436 2.59462098883
1.30060981535 2.59503968792
1.30014890077 2.59545147937
1.29969990803 2.59585647715
1.29926248626 2.59625479334
1.29883629585 2.59664653817
1.29842100812 2.59703182005
1.29801630494 2.59741074561
1.29762187835 2.59778341972
1.29723743025 2.5981499455
1.29686267204 2.59851042439
1.2964973243 2.59886495616
1.29614111652 2.59921363892
1.29579378674 2.59955656916
1.29545508129 2.59989384179
1.29512475454 2.60022555015
1.29480256858 2.60055178604
1.294488293 2.60087263973
1.29418170462 2.60118820003
1.29388258724 2.60149855426
1.29359073142 2.60180378831
1.29330593428 2.60210398666
1.29302799923 2.60239923238
1.29275673578 2.60268960719
1.29249195937 2.60297519143
1.29223349111 2.60325606415
1.29198115766 2.60353230307
1.291734791 2.60380398464
1.29149422826 2.60407118406
1.29125931157 2.60433397525
1.29102988788 2.60459243096
1.29080580881 2.6048466227
1.29058693047 2.60509662083
1.29037311336 2.60534249453
1.29016422219 2.60558431184
1.28996012574 2.60582213968
1.28976069675 2.60605604388
1.28956581178 2.60628608916
1.28937535108 2.60651233918
1.28918919848 2.60673485657
1.28900724126 2.6069537029
1.28882937006 2.60716893874
1.28865547875 2.60738062365
1.28848546433 2.60758881621
1.28831922684 2.60779357404
1.28815666926 2.60799495381
1.28799769739 2.60819301125
1.2878422198 2.60838780117
1.28769014772 2.60857937747
1.28754139493 2.60876779317
1.28739587774 2.60895310042
1.28725351486 2.6091353505
1.28711422733 2.60931459384
1.28697793847 2.60949088006
1.28684457377 2.60966425793
1.28671406087 2.60983477544
1.28658632943 2.61000247978
1.28646131115 2.61016741735
1.28633893961 2.61032963382
1.28621915029 2.61048917406
1.28610188047 2.61064608222
1.28598706917 2.61080040175
1.28587465714 2.61095217533
1.28576458674 2.61110144497
1.28565680195 2.61124825198
1.28555124829 2.611392637
1.28544787278 2.61153463997
1.28534662388 2.6116743002
1.28524745146 2.61181165634
1.28515030677 2.6119467464
1.28505514236 2.61207960776
1.28496191209 2.61221027719
1.28487057103 2.61233879086
1.28478107548 2.61246518433
1.2846933829 2.61258949258
1.28460745189 2.61271175001
1.28452324213 2.61283199046
1.2844407144 2.61295024719
1.28435983048 2.61306655295
1.28428055317 2.61318093991
1.28420284625 2.61329343973
1.28412667443 2.61340408355
1.28405200335 2.61351290198
1.28397879954 2.61361992514
1.28390703038 2.61372518265
1.28383666409 2.61382870364
1.28376766972 2.61393051676
1.2837000171 2.61403065017
1.28363367682 2.6141291316
1.28356862022 2.6142259883
1.28350481938 2.61432124707
1.28344224705 2.61441493428
1.28338087668 2.61450707585
1.28332068239 2.61459769728
1.28326163893 2.61468682366
1.28320372168 2.61477447964
1.28314690662 2.61486068948
1.28309117034 2.61494547705
1.28303648999 2.6150288658
1.28298284326 2.61511087883
1.28293020842 2.61519153881
1.28287856424 2.61527086807
1.28282789001 2.61534888858
1.28277816551 2.61542562191
1.28272937102 2.61550108931
1.28268148727 2.61557531166
1.28263449547 2.61564830949
1.28258837725 2.61572010303
1.28254311469 2.61579071212
1.28249869029 2.61586015632
1.28245508696 2.61592845483
1.282412288 2.61599562657
1.28237027711 2.61606169011
1.28232903836 2.61612666376
1.28228855618 2.61619056547
1.28224881537 2.61625341295
1.28220980107 2.61631522357
1.28217149878 2.61637601446
1.28213389429 2.61643580242
1.28209697375 2.61649460402
1.2820607236 2.61655243551
1.28202513059 2.61660931291
1.28199018177 2.61666525195
1.28195586448 2.61672026812
1.28192216633 2.61677437664
1.28188907523 2.61682759248
1.28185657932 2.61687993038
1.28182466704 2.61693140482
1.28179332705 2.61698203004
1.28176254827 2.61703182005
1.28173231988 2.61708078864
1.28170263127 2.61712894934
1.28167347207 2.6171763155
1.28164483212 2.61722290022
1.28161670151 2.6172687164
1.2815890705 2.6173137767
1.28156192959 2.61735809361
1.28153526947 2.61740167938
1.28150908103 2.61744454608
1.28098819805 2.61829817417
1.28048078749 2.6191598786
1.27998513126 2.62002839739
1.28040699329 2.61912173735
1.28008934512 2.620069946
1.28335421311 2.61680199917
1.2866224214 2.61356676684
1.2898936601 2.61036428109
1.29316754955 2.60719386148
1.29644372103 2.60405484478
1.29972181652 2.60094658449
1.30300148832 2.59786845045
1.30628239889 2.59481982837
1.30956422049 2.59180011945
1.31284663495 2.58880873995
1.31612933345 2.58584512083
1.31941201621 2.58290870734
1.32269439231 2.57999895866
1.32597617941 2.57711534754
1.32925710355 2.57425735992
1.3325368989 2.57142449465
1.33581530759 2.56861626307
1.33909207945 2.56583218877
1.34236697183 2.56307180719
1.34563974939 2.5603346654
1.34891018392 2.5576203217
1.35217805415 2.55492834541
1.35544314552 2.55225831656
1.35870525008 2.54960982557
1.36196416625 2.54698247304
1.36521969866 2.54437586946
1.36847165803 2.54178963494
1.37171986094 2.53922339898
1.37496412972 2.53667680023
1.37820429229 2.53414948622
1.381440182 2.53164111318
1.38467163748 2.52915134575
1.38789850252 2.52667985683
1.39112062591 2.52422632732
1.39433786132 2.52179044594
1.39755006716 2.51937190898
1.40075710647 2.51697042018
1.40395884677 2.51458569047
1.40715515996 2.51221743781
1.41034592219 2.50986538701
1.41353101376 2.50752926955
1.416710319 2.5052088234
1.41988372615 2.50290379287
1.42305112727 2.50061392842
1.42626652363 2.49838879168
1.42953167184 2.49622931317
1.43284627082 2.49413451862
1.43621002749 2.49210345113
1.43962265666 2.49013517086
1.44308388088 2.48822875477
1.44659343033 2.48638329634
1.45015104274 2.48459790525
1.45375646322 2.48287170715
1.45740944419 2.4812038434
1.46110974526 2.47959347074
1.46485713314 2.47803976112
1.46865138147 2.47654190138
1.47249227082 2.47509909303
1.4763795885 2.47371055199
1.4803131285 2.47237550835
1.48429269137 2.47109320615
1.48831808418 2.46986290314
1.49238912034 2.46868387051
1.49650561958 2.46755539275
1.50066740781 2.46647676733
1.50487431708 2.46544730456
1.50912618545 2.46446632733
1.5134228569 2.46353317092
1.5177641813 2.4626471828
1.52215001425 2.4618077224
1.52658021707 2.46101416094
1.53105465667 2.46026588119
1.53557320551 2.45956227735
1.54013574148 2.45890275478
1.54473138768 2.45827183336
1.54932525355 2.45762091576
1.55391737971 2.45695016767
1.55850780642 2.45625975326
1.56309657359 2.45554983519
1.56768372079 2.45482057466
1.57226928722 2.45407213138
1.57685331178 2.45330466359
1.581435833 2.45251832811
1.58601688908 2.45171328031
1.5905965179 2.45088967415
1.59517475701 2.45004766217
1.59975164363 2.44918739552
1.60432721465 2.448309024
1.60890150664 2.44741269598
1.61347455588 2.44649855854
1.61804639831 2.44556675736
1.62261706956 2.44461743683
1.62718660495 2.44365073999
1.63175503953 2.44266680859
1.63632240799 2.44166578308
1.64088874477 2.44064780263
1.64545408398 2.43961300512
1.65001845945 2.43856152719
1.65458190472 2.43749350422
1.65914445304 2.43640907036
1.66370613736 2.43530835851
1.66826699036 2.43419150039
1.67282704445 2.43305862648
1.67738633172 2.43190986609
1.68194488403 2.43074534734
1.68650273295 2.42956519717
1.69105990976 2.42836954138
1.69561644549 2.42715850458
1.70017237091 2.42593221029
1.70472771652 2.42469078085
1.70928251254 2.42343433751
1.71383678895 2.4221630004
1.71839057548 2.42087688856
1.72294390158 2.41957611993
1.72749679648 2.41826081137
1.73204928914 2.41693107867
1.73660140826 2.41558703657
1.74115318233 2.41422879874
1.74570463957 2.41285647783
1.75025580797 2.41147018544
1.75480671527 2.41007003215
1.759357389 2.40865612754
1.76390785641 2.40722858018
1.76845814458 2.40578749763
1.7730082803 2.40433298649
1.77755829016 2.40286515235
1.78210820054 2.40138409987
1.78665803756 2.39988993272
1.79120782714 2.39838275364
1.79575759499 2.39686266441
1.80030452032 2.39533005029
1.8048252811 2.3937873574
1.80932011952 2.39223478578
1.81378927497 2.3906725328
1.81823298416 2.3891007932
1.82265148109 2.38751975917
1.82704499709 2.38592962029
1.83141376087 2.38433056366
1.83575799855 2.38272277387
1.84007793366 2.38110643305
1.84437378723 2.3794817209
1.84864577777 2.37784881473
1.85289412129 2.37620788944
1.85711903141 2.37455911765
1.86132071929 2.37290266962
1.86549939371 2.37123871336
1.86965526113 2.36956741458
1.87378852562 2.36788893683
1.87789938902 2.3662034414
1.88198805083 2.36451108744
1.88605470834 2.36281203195
1.89009955663 2.36110642982
1.89412278856 2.35939443384
1.89812459485 2.35767619474
1.90210516405 2.35595186121
1.90606468263 2.35422157992
1.91000333495 2.35248549556
1.91392130331 2.35074375086
1.91781876797 2.3489964866
1.92169590719 2.34724384167
1.92555289721 2.34548595303
1.92938991234 2.34372295581
1.93320712492 2.34195498328
1.93700470538 2.34018216689
1.94078282225 2.33840463629
1.9445416422 2.33662251937
1.94828133002 2.33483594225
1.95200204871 2.33304502933
1.95570395943 2.33124990329
1.95938722157 2.32945068513
1.96305199274 2.32764749419
1.96669842884 2.32584044816
1.97032668401 2.32402966309
1.97393691071 2.32221525345
1.97752925972 2.32039733211
1.98110388014 2.31857601037
1.98466091944 2.31675139801
1.98820052349 2.31492360326
1.99172283652 2.31309273285
1.99522800119 2.31125889203
1.99871615862 2.30942218458
2.00218744834 2.30758271283
2.00562382587 2.3057407873
2.00901398566 2.30389672574
2.01235858591 2.3020507602
2.01565827518 2.3002031179
2.01891369251 2.29835402131
2.02212546759 2.29650368823
2.02529422087 2.2946523319
2.02842056374 2.29280016102
2.03150509861 2.29094737987
2.03454841909 2.28909418837
2.03755111009 2.28724078216
2.04051374797 2.28538735267
2.04343690065 2.28353408717
2.04632112775 2.28168116889
2.0491669807 2.27982877705
2.05197500286 2.27797708694
2.05474572967 2.27612626999
2.05747968873 2.27427649383
2.06017739994 2.27242792236
2.06283937559 2.2705807158
2.0654661205 2.2687350308
2.06805813213 2.26689102043
2.07061590065 2.2650488343
2.07313990911 2.26320861859
2.07563063349 2.26137051614
2.07808854283 2.25953466646
2.08051409933 2.25770120583
2.08290775846 2.25587026734
2.08526996905 2.25404198093
2.08760117338 2.2522164735
2.08990180729 2.25039386888
2.09217230027 2.24857428795
2.09441307558 2.24675784869
2.09662455027 2.24494466617
2.09880713537 2.24313485267
2.1009612359 2.24132851769
2.103087251 2.23952576802
2.105185574 2.23772670777
2.10725659251 2.23593143843
2.10930068852 2.23414005891
2.11131823845 2.23235266559
2.11330961327 2.23056935237
2.11527517855 2.22879021069
2.11721529456 2.22701532962
2.11913031633 2.22524479583
2.12102059375 2.22347869372
2.12288647163 2.22171710539
2.12472828979 2.21996011073
2.12654638309 2.21820778742
2.12834108158 2.216460211
2.13011208314 2.21472549
2.13185877855 2.21301551972
2.13255883178 2.20905978618
2.13325798663 2.20509982219
2.1339562598 2.20113562477
2.13465366782 2.19716719094
2.13535022702 2.1931945177
2.1360459536 2.18921760202
2.13674086356 2.18523644085
2.13743497274 2.18125103114
2.13812829682 2.17726136981
2.13882085133 2.17326745377
2.1395126516 2.1692692799
2.14020371285 2.16526684508
2.14089405011 2.16126014615
2.14158367826 2.15724917996
2.14227261203 2.15323394331
2.14296086599 2.14921443302
2.14364845457 2.14519064588
2.14433539204 2.14116257864
2.14502169253 2.13713022806
2.14570737002 2.13309359088
2.14639243835 2.12905266382
2.14707691122 2.12500744359
2.14776080217 2.12095792687
2.14844412462 2.11690411033
2.14912689184 2.11284599063
2.14980911697 2.10878356442
2.15049081302 2.10471682831
2.15117199285 2.10064577893
2.15185266921 2.09657041286
2.15253285468 2.09249072669
2.15321256177 2.08840671697
2.1538918028 2.08431838027
2.15457059001 2.08022571312
2.15524893549 2.07612871204
2.15592685121 2.07202737353
2.15660434902 2.06792169408
2.15728144066 2.06381167018
2.15795813773 2.05969729829
2.15863445172 2.05557857486
2.15931039401 2.05145549632
2.15998597585 2.0473280591
2.16066120839 2.04319625959
2.16133610265 2.0390600942
2.16201066956 2.03491955931
2.16268491992 2.03077465128
2.16335886443 2.02662536646
2.16403251366 2.02247170119
2.16470587812 2.01831365181
2.16537896816 2.01415121462
2.16605179406 2.00998438592
2.16672436598 2.005813162
2.16739669399 2.00163753914
2.16806878804 1.99745751359
2.168740658 1.9932730816
2.16941231363 1.98908423941
2.17008376459 1.98489098325
2.17075502045 1.98069330931
2.17142609067 1.97649121381
2.17209698463 1.97228469292
2.1727677116 1.96807374282
2.17343828079 1.96385835967
2.17412439606 1.9596523417
2.17483564512 1.95546427445
2.17557150197 1.95129395111
2.17633145018 1.94714116837
2.17711498277 1.9430057263
2.17792160198 1.93888742836
2.17875081914 1.93478608129
2.17960215451 1.93070149507
2.18047513708 1.92663348288
2.18136930446 1.922581861
2.18228420269 1.91854644878
2.18321938613 1.91452706859
2.18417441724 1.91052354577
2.18514886651 1.90653570855
2.18614231229 1.90256338803
2.18715434061 1.8986064181
2.1881845451 1.89466463542
2.18923252682 1.89073787935
2.19029789413 1.88682599191
2.19138026256 1.88292881772
2.1924792547 1.87904620399
2.19359450004 1.87517800041
2.19472563487 1.87132405918
2.19587230215 1.86748423492
2.19703415139 1.86365838462
2.19821083852 1.85984636764
2.19940202581 1.85604804562
2.20060738172 1.85226328248
2.20182658081 1.84849194436
2.20305930359 1.84473389957
2.20430523649 1.84098901858
2.20556407169 1.83725717395
2.20683550702 1.83353824031
2.2081192459 1.82983209434
2.20941499718 1.8261386147
2.21072247511 1.82245768201
2.21204139918 1.81878917882
2.21337149408 1.81513298957
2.21471248955 1.81148900056
2.21606412033 1.80785709992
2.21742612608 1.80423717756
2.21879825125 1.80062912516
2.220180245 1.79703283613
2.22157186116 1.79344820557
2.2229728581 1.78987513027
2.22438299867 1.78631350863
2.2258020501 1.78276324069
2.22722978395 1.77922422805
2.22866597601 1.77569637387
2.23011040621 1.77217958285
2.23156285861 1.76867376118
2.23302312124 1.76517881652
2.23449098609 1.76169465798
2.23596624902 1.75822119609
2.23744870966 1.75475834278
2.23893817141 1.75130601136
2.24043444131 1.74786411647
2.24193733 1.74443257408
2.24344665166 1.74101130147
2.24496222393 1.73760021719
2.24648386785 1.73419924105
2.24801140782 1.73080829408
2.24954467152 1.72742729855
2.25108348985 1.72405617788
2.25262769689 1.7206948567
2.2541771298 1.71734326076
2.25573162882 1.71400131694
2.2572910372 1.71066895326
2.25885520109 1.70734609878
2.26042396958 1.70403268367
2.26199719457 1.70072863914
2.26357473076 1.69743389742
2.26515643558 1.69414839176
2.26674216916 1.69087205643
2.26833179426 1.68760482665
2.26992517624 1.68434663861
2.27152218299 1.68109742945
2.27312268493 1.67785713723
2.2747265549 1.67462570095
2.27633366817 1.67140306046
2.27794390238 1.66818915653
2.27955713748 1.66498393078
2.28117325572 1.66178732569
2.28279214157 1.65859928455
2.28441368172 1.6554197515
2.286037765 1.65224867147
2.28766428239 1.64908599019
2.28929312693 1.64593165417
2.29091889546 1.64276415106
2.29253948786 1.63957442071
2.29415514142 1.63636248996
2.29576608933 1.63312838308
2.29737256076 1.6298721218
2.29897478096 1.62659372534
2.30057297133 1.62329321049
2.3021673495 1.6199705916
2.30375812942 1.61662588066
2.30534552142 1.61325908728
2.3069297323 1.60987021882
2.30851096539 1.60645928032
2.31008942063 1.60302627461
2.31166529466 1.59957120232
2.31323878085 1.59609406191
2.31481006941 1.5925948497
2.31637934741 1.58907355991
2.31794679891 1.58553018471
2.31951260495 1.5819647142
2.32107694368 1.57837713649
2.32263999037 1.5747674377
2.32420191751 1.57113560201
2.32576289484 1.56748161167
2.32732308943 1.56380544703
2.32888266573 1.56010708658
2.33044178561 1.55638650696
2.33200060844 1.55264368301
2.33355929113 1.54887858776
2.33511798819 1.54509119249
2.33667685177 1.54128146672
2.33823603172 1.53744937826
2.33979567564 1.53359489323
2.34135592892 1.52971797608
2.34291693481 1.52581858958
2.34447883444 1.52189669491
2.34604176687 1.51795225161
2.34759187559 1.51406113502
2.34911641085 1.51029189923
2.35061579457 1.50664047329
2.35209044167 1.50310292693
2.35354076027 1.49967546574
2.35496715174 1.49635442627
2.35637001081 1.49313627151
2.35774972573 1.49001758642
2.35910667831 1.48699507363
2.3604412441 1.48406554935
2.36175379243 1.48122593934
2.36304468653 1.47847327509
2.36431428366 1.47580469008
2.36556293516 1.47321741627
2.3667909866 1.47070878057
2.36799877783 1.46827620157
2.36918664311 1.46591718628
2.37035491116 1.4636293271
2.37150390531 1.46141029876
2.37263394352 1.45925785549
2.37374533854 1.4571698282
2.37483839792 1.45514412184
2.37591342418 1.45317871278
2.37697071482 1.45127164634
2.37801056244 1.44942103437
2.3790332548 1.4476250529
2.38003907495 1.44588193998
2.38102830122 1.44418999341
2.38200120739 1.44254756877
2.3829580627 1.4409530773
2.38389913196 1.43940498406
2.3848246756 1.43790180597
2.38573494976 1.43644211008
2.38663020635 1.43502451177
2.38751069314 1.43364767309
2.38837665378 1.43231030117
2.38922832794 1.43101114661
2.39006595131 1.42974900199
2.3908897557 1.42852270041
2.39169996908 1.4273311141
2.39249681569 1.42617315305
2.39328051604 1.4250477637
2.39405128702 1.4239539277
2.39480934194 1.42289066067
2.39555489059 1.42185701104
2.39628813928 1.4208520589
2.39700929095 1.41987491494
2.39771854517 1.41892471935
2.39841609822 1.41800064085
2.39910214314 1.41710187567
2.3997768698 1.41622764662
2.40044046492 1.41537720218
2.40109311215 1.41454981561
2.4017349921 1.4137447841
2.40236628241 1.41296142794
2.4029871578 1.41219908975
2.40359779007 1.4114571337
2.40419834823 1.41073494477
2.40478899846 1.41003192804
2.40536990424 1.40934750802
2.40594122633 1.40868112794
2.40650312282 1.40803224918
2.40705574924 1.40740035059
2.40759925851 1.40678492792
2.40813380104 1.40618549326
2.40865952477 1.40560157443
2.40917657519 1.40503271454
2.4096850954 1.40447847135
2.41018522611 1.40393841689
2.41067710574 1.40341213689
2.41116087042 1.40289923037
2.41163665402 1.40239930915
2.41210458821 1.40191199746
2.41256480249 1.40143693147
2.41301742423 1.40097375896
2.41346257869 1.40052213883
2.41390038905 1.40008174084
2.41433097649 1.39965224513
2.41475446016 1.39923334198
2.41517095726 1.39882473137
2.41558058305 1.39842612274
2.4159834509 1.39803723462
2.41637967229 1.39765779434
2.41676935689 1.39728753775
2.41715261253 1.39692620892
2.41752954527 1.39657355986
2.41790025943 1.3962293503
2.41826485761 1.39589334736
2.41862344071 1.39556532537
2.41897610795 1.39524506561
2.41932295694 1.39493235607
2.41966408367 1.39462699123
2.41999958254 1.39432877187
2.42032954641 1.39403750482
2.42065406658 1.39375300281
2.42097323286 1.39347508423
2.42128713359 1.39320357298
2.42159585563 1.39293829827
2.42189948442 1.39267909447
2.42219810399 1.39242580088
2.42249179698 1.39217826166
2.42278064466 1.3919363256
2.42306472698 1.39169984599
2.42334412256 1.3914686805
2.4236189087 1.391242691
2.42388916147 1.39102174345
2.42415495565 1.39080570775
2.4244163648 1.39059445762
2.42467346125 1.3903878705
2.42492631617 1.39018582738
2.42517499953 1.38998821273
2.42541958014 1.38979491439
2.42566012571 1.38960582343
2.42589670278 1.38942083406
2.42612937685 1.38923984354
2.42635821229 1.38906275208
2.42658327244 1.38888946275
2.42680461959 1.38871988137
2.42702231498 1.38855391644
2.42723641886 1.38839147907
2.42744699049 1.38823248285
2.42765408815 1.38807684384
2.42785776913 1.38792448041
2.42805808982 1.38777531326
2.42825510565 1.38762926527
2.42844887114 1.38748626147
2.42863943992 1.38734622898
2.42882686472 1.3872090969
2.42901119742 1.38707479633
2.42919248902 1.38694326021
2.4293707897 1.38681442333
2.42954614881 1.38668822228
2.42971861486 1.38656459533
2.4298882356 1.38644348245
2.43005505796 1.38632482522
2.43021912811 1.38620856677
2.43038049146 1.38609465178
2.43053919265 1.3859830264
2.43069527562 1.38587363819
2.43084878356 1.38576643612
2.43099975894 1.3856613705
2.43114824356 1.38555839295
2.4312942785 1.38545745634
2.43143790418 1.38535851479
2.43157916034 1.38526152362
2.43171808608 1.38516643927
2.43185471984 1.38507321934
2.43198909944 1.38498182252
2.43212126207 1.38489220853
2.4322512443 1.38480433814
2.4323790821 1.38471817312
2.43250481085 1.38463367621
2.43262846534 1.38455081106
2.43275007981 1.38446954228
2.4328696879 1.38438983534
2.43298732271 1.38431165658
2.4331030168 1.38423497316
2.43321680218 1.38415975308
2.43332871035 1.38408596512
2.43343877228 1.38401357883
2.43354701842 1.38394256449
2.43365347874 1.38387289312
2.43375818269 1.38380453645
2.43386115925 1.38373746688
2.43396243691 1.3836716575
2.43406204371 1.38360708201
2.43416000722 1.38354371477
2.43425635454 1.38348153075
2.43435111233 1.3834205055
2.43444430683 1.38336061516
2.43453596381 1.38330183643
2.43462610866 1.38324414656
2.4347147663 1.38318752333
2.43480196129 1.38313194504
2.43488771775 1.38307739049
2.43497205941 1.38302383898
2.43505500961 1.38297127029
2.43513659131 1.38291966464
2.43521682709 1.38286900274
2.43529573916 1.38281926571
2.43537334934 1.38277043512
2.43544967912 1.38272249294
2.43552474963 1.38267542155
2.43559858163 1.38262920375
2.43567119557 1.3825838227
2.43574261153 1.38253926194
2.43581284928 1.38249550537
2.43588192826 1.38245253728
2.43594986759 1.38241034227
2.43601668606 1.38236890529
2.43608240217 1.38232821163
2.4361470341 1.3822882469
2.43621059975 1.382248997
2.43627311671 1.38221044817
2.43633460226 1.38217258693
2.43639507344 1.38213540009
2.43645454697 1.38209887475
2.43651303932 1.38206299827
2.43657056667 1.38202775831
2.43662714494 1.38199314276
2.4366827898 1.38195913979
2.43673751663 1.38192573781
2.43679134059 1.38189292548
2.43684427656 1.38186069169
2.43689633921 1.38182902557
2.43694754294 1.38179791646
2.43699790191 1.38176735395
2.43704743007 1.38173732782
2.43709614113 1.38170782809
2.43714404855 1.38167884494
2.43719116561 1.38165036881
2.43723750533 1.38162239028
2.43728308055 1.38159490015
2.43732790388 1.38156788942
2.43737198771 1.38154134925
2.43741534426 1.38151527098
2.43827248149 1.38100018286
2.43913557024 1.38049513057
2.44000368462 1.37999876637
2.43942050684 1.38081111092
2.43968153379 1.37984577941
2.43696309023 1.38392539699
2.43426487502 1.38800249463
2.43158657639 1.39207698332
2.42892788808 1.39614877592
2.4262885093 1.40021778713
2.4236681446 1.40428393343
2.42106650377 1.4083471331
2.41848330179 1.41240730612
2.41591825866 1.41646437418
2.41337109937 1.42051826066
2.4108415538 1.42456889054
2.40832935662 1.42861619045
2.40583424719 1.43266008858
2.40335596951 1.43670051466
2.4008942721 1.44073739997
2.39844890796 1.44477067725
2.39601963444 1.44880028074
2.3936062132 1.4528261461
2.39120841012 1.4568482104
2.38882599522 1.4608664121
2.38645874258 1.46488069103
2.38410643028 1.46889098835
2.38176884032 1.47289724654
2.37944575856 1.47689940933
2.37713697462 1.48089742177
2.37484228185 1.4848912301
2.37256147724 1.48888078181
2.37029436137 1.49286602557
2.36804073832 1.49684691122
2.36580041562 1.50082338976
2.36357320421 1.50479541331
2.36135891834 1.5087629351
2.35915737553 1.51272590947
2.35696839652 1.51668429178
2.35479180519 1.52063803849
2.35263918131 1.52459291396
2.35057122834 1.52857898393
2.34858697399 1.53259599816
2.3466854585 1.53664370988
2.34486573448 1.54072187569
2.34312686674 1.54483025555
2.34146793215 1.54896861272
2.3398880195 1.55313671375
2.33838622932 1.55733432841
2.33696167375 1.56156122963
2.3356134764 1.56581719353
2.33434077218 1.57010199931
2.33314270717 1.57441542924
2.3320184385 1.57875726864
2.33096713415 1.58312730581
2.32998797289 1.58752533199
2.32908014409 1.59195114135
2.32824284759 1.59640453096
2.3274752936 1.60088530071
2.32677670253 1.6053932533
2.32614630488 1.60992819421
2.32558334112 1.61448993168
2.32508706153 1.61907827661
2.32465672614 1.62369304262
2.32429160452 1.62833404593
2.32399097575 1.63300110538
2.32375412821 1.63769404239
2.32358035953 1.6424126809
2.32346897647 1.64715684739
2.32341929474 1.65192637078
2.32343063896 1.65672108246
2.32350234252 1.66154081623
2.32363374746 1.66638540828
2.32382420436 1.67125469713
2.32407307225 1.67614852367
2.3243797185 1.68106673105
2.32474351868 1.6860091647
2.32515244865 1.69096131503
2.32557636057 1.69588583231
2.3260150479 1.70078298228
2.32646830653 1.70565302773
2.32693593474 1.71049622851
2.32741773319 1.71531284159
2.32791350489 1.72010312109
2.32842305517 1.72486731828
2.32894619167 1.72960568166
2.32948272427 1.73431845694
2.33003246511 1.73900588713
2.33059522853 1.74366821252
2.33117083109 1.74830567073
2.33175909149 1.75291849677
2.33235983058 1.757506923
2.33297287131 1.76207117923
2.33359803875 1.76661149271
2.33423516001 1.77112808819
2.33488406426 1.77562118789
2.33554458268 1.78009101161
2.33621654846 1.78453777669
2.33689979675 1.78896169806
2.33759416464 1.79336298829
2.33829949119 1.79774185759
2.33901561731 1.80209851384
2.33974238585 1.80643316261
2.34047964147 1.81074600724
2.34122723071 1.81503724877
2.34198500191 1.81930708605
2.34275280522 1.82355571574
2.34353049256 1.82778333231
2.34431791761 1.83199012809
2.34511493577 1.83617629329
2.3459214042 1.84034201603
2.3467371817 1.84448748235
2.34756212881 1.84861287624
2.34839610767 1.85271837966
2.34923898209 1.85680417258
2.35009182129 1.860870121
2.35097849151 1.86491018837
2.35189863203 1.86892475835
2.35285188697 1.87291420965
2.35383790519 1.87687891618
2.35485634027 1.88081924705
2.35590685041 1.88473556668
2.35698909842 1.88862823482
2.3581027516 1.89249760663
2.35924748174 1.89634403275
2.36042296501 1.90016785934
2.36162888195 1.90396942816
2.36286491739 1.90774907658
2.36413076037 1.91150713772
2.36542610415 1.91524394041
2.36675064609 1.91895980932
2.36810408763 1.92265506497
2.36948613424 1.92633002382
2.37089649535 1.92998499829
2.37233488431 1.93362029682
2.37380101835 1.93723622394
2.37529461849 1.9408330803
2.37681540955 1.94441116273
2.37836312004 1.94797076431
2.37993748217 1.95151217436
2.38153823175 1.95503567856
2.38316510818 1.95854155895
2.38481785439 1.96203009399
2.38649621678 1.96550155862
2.38819994522 1.96895622427
2.38992879294 1.97239435896
2.39168251655 1.9758162273
2.39346087596 1.97922209055
2.39526363434 1.98261220667
2.39709055809 1.98598683033
2.39894141679 1.98934621302
2.40081598315 1.99269060302
2.40271403301 1.99602024547
2.40463534524 1.99933538244
2.40657970174 2.00263625292
2.40854688741 2.00592309289
2.41053669005 2.00919613535
2.41254890042 2.01245561036
2.4145833121 2.0157017451
2.41663972153 2.01893476385
2.41871792793 2.0221548881
2.4208177333 2.02536233654
2.42293894233 2.0285573251
2.42508136242 2.03174006699
2.42724480361 2.03491077277
2.42942907858 2.03806965032
2.43163400257 2.04121690493
2.43385939339 2.04435273931
2.43610507135 2.04747735361
2.43837085927 2.05059094549
2.4406565824 2.05369371013
2.44294849328 2.05679082801
2.44521270644 2.05989479901
2.44744995947 2.06300520667
2.44966096814 2.06612164735
2.45184642715 2.06924372992
2.45400701068 2.07237107532
2.45614337303 2.07550331622
2.4582561492 2.0786400967
2.46034595549 2.08178107188
2.46241339002 2.08492590759
2.46445903329 2.08807428006
2.46648344873 2.09122587559
2.46848718315 2.0943803903
2.47047076728 2.09753752976
2.47243471622 2.1006970088
2.47437952993 2.10385855113
2.47630569367 2.10702188916
2.47821367842 2.11018676371
2.48010394135 2.11335292373
2.48197692617 2.11652012611
2.48383306358 2.11968813541
2.48567277163 2.12285672364
2.4874964561 2.12602567001
2.48930451089 2.12919476077
2.49109731834 2.13236378895
2.49287524957 2.13553255419
2.49463866486 2.13870086251
2.49638791392 2.14186852615
2.49812333623 2.14503536338
2.49984526136 2.14820119829
2.50155400922 2.15136586064
2.50324989039 2.15452918571
2.50493320637 2.15769101407
2.50660424986 2.16085119152
2.50826330502 2.16400956881
2.50991064774 2.16716600162
2.51154654585 2.17032035031
2.5131712594 2.17347247983
2.51478504085 2.17662225959
2.51638813535 2.17976956329
2.51798078089 2.18291426882
2.51956320857 2.18605625811
2.52113564276 2.18919541705
2.52269830135 2.19233163532
2.5242513959 2.19546480633
2.52579513184 2.19859482704
2.52732970866 2.20172159792
2.52885532008 2.20484502282
2.53037215422 2.20796500886
2.53188039378 2.21108146632
2.53338021616 2.21419430859
2.53487179369 2.21730345204
2.53635529371 2.22040881593
2.53783087875 2.22351032235
2.53929870668 2.2266078961
2.54075893081 2.22970146463
2.54221170009 2.23279095797
2.54365715918 2.23587630863
2.5450954486 2.23895745154
2.54652670486 2.24203432394
2.54795106056 2.24510686539
2.54936864453 2.24817501762
2.55077958192 2.2512387245
2.55218399433 2.25429793198
2.55358199989 2.25735258802
2.55497371338 2.26040264251
2.55635924633 2.26344804725
2.55773870711 2.26648875586
2.55911220104 2.26952472374
2.56047983044 2.27255590802
2.56184169476 2.2755822675
2.56319789066 2.27860376258
2.56454851207 2.28162035526
2.56589365029 2.28463200905
2.56723339406 2.28763868893
2.56856782963 2.29064036133
2.56989704087 2.29363699405
2.57122110927 2.29662855626
2.57254011409 2.29961501842
2.57385413238 2.30259635225
2.57516323904 2.30557253072
2.57646750691 2.30854352797
2.57776700681 2.31150931931
2.57906180763 2.31446988116
2.58035197634 2.31742519101
2.5816375781 2.32037522744
2.58291867625 2.32331997002
2.58419533243 2.32625939932
2.5854676066 2.32919349685
2.58673555707 2.33212224508
2.58799924058 2.33504562736
2.58925871235 2.3379636279
2.59051402608 2.3408762318
2.59175753651 2.34378711304
2.59297164166 2.34670469306
2.59415706047 2.34962856226
2.59531449423 2.35255832187
2.59644462702 2.35549358367
2.59754812611 2.35843396975
2.59862564237 2.36137911225
2.59967781073 2.3643286531
2.60070525048 2.36728224379
2.60170856575 2.37023954512
2.60268834579 2.37320022698
2.60364516543 2.37616396812
2.60457958535 2.37913045593
2.60549215248 2.38209938622
2.60638340031 2.38507046302
2.60725384924 2.38804339838
2.60810400691 2.39101791215
2.60893436847 2.39399373179
2.60974541692 2.39697059221
2.61053762341 2.39994823556
2.61131144752 2.40292641104
2.61206733755 2.40590487475
2.6128057308 2.4088833895
2.61352705382 2.41186172465
2.61423172269 2.41483965594
2.6149201433 2.41781696536
2.61559271155 2.42079344094
2.61624981365 2.42376887665
2.61689182629 2.42674307223
2.61751911696 2.42971583304
2.6181320441 2.43268696993
2.61873095736 2.4356562991
2.61931619781 2.43862364198
2.61988809816 2.44158882507
2.62043024062 2.44453222566
2.62092057425 2.44742706647
2.62136148465 2.45027414863
2.62175526341 2.45307426007
2.62210411159 2.45582817568
2.62241014309 2.45853665762
2.62267538791 2.46120045543
2.6229017953 2.4638203063
2.62309123677 2.46639693527
2.62324550896 2.46893105541
2.62336633654 2.47142336801
2.62345537482 2.47387456282
2.62351421238 2.47628531819
2.62354437362 2.47865630128
2.62354732112 2.48098816825
2.62352445798 2.48328156443
2.62347713012 2.48553712451
2.62340662834 2.4877554727
2.6233141905 2.48993722291
2.62320100347 2.49208297894
2.62306820507 2.49419333461
2.62291688594 2.49626887396
2.62274809133 2.49831017137
2.62256282284 2.50031779176
2.62236204006 2.50229229073
2.62214666219 2.50423421472
2.62191756956 2.50614410114
2.62167560516 2.50802247855
2.62142157603 2.50986986677
2.62115625467 2.51168677705
2.62088038034 2.51347371223
2.62059466037 2.51523116681
2.62029977137 2.51695962718
2.61999636041 2.51865957167
2.61968504621 2.52033147074
2.61936642017 2.52197578706
2.6190410475 2.52359297571
2.61870946818 2.52518348421
2.618372198 2.52674775276
2.61802972945 2.52828621423
2.61768253267 2.5297992944
2.61733105633 2.531287412
2.61697572843 2.53275097887
2.61661695717 2.53419040002
2.61625513169 2.53560607383
2.61589062286 2.53699839206
2.61552378397 2.53836774004
2.61515495144 2.53971449672
2.61478444552 2.54103903481
2.6144125709 2.54234172088
2.61403961734 2.54362291543
2.61366586028 2.54488297302
2.61329156144 2.54612224237
2.61291696931 2.54734106645
2.61254231975 2.54853978255
2.61216783648 2.54971872241
2.61179373155 2.5508782123
2.61142020587 2.5520185731
2.61104744961 2.5531401204
2.61067564268 2.55424316459
2.61030495516 2.55532801091
2.60993554766 2.55639495961
2.60956757176 2.55744430595
2.60920117038 2.55847634033
2.60883647813 2.55949134837
2.60847362164 2.56048961095
2.60811271996 2.56147140435
2.60775388482 2.56243700027
2.60739722095 2.56338666594
2.60704282644 2.56432066416
2.60669079293 2.56523925343
2.60634120597 2.56614268794
2.60599414524 2.56703121774
2.60564968482 2.5679050887
2.60530789343 2.56876454267
2.60496883468 2.56960981749
2.60463256727 2.57044114711
2.60429914524 2.57125876157
2.60396861816 2.57206288715
2.60364103133 2.57285374639
2.60331642599 2.57363155815
2.60299483948 2.57439653769
2.60267630544 2.57514889672
2.60236085398 2.57588884344
2.60204851184 2.57661658263
2.60173930252 2.57733231569
2.60143324651 2.5780362407
2.60113036135 2.57872855245
2.60083066181 2.57940944255
2.60053416002 2.58007909943
2.60024086562 2.58073770841
2.59995078583 2.58138545176
2.59966392563 2.58202250874
2.59938028783 2.58264905565
2.59909987321 2.58326526588
2.59882268059 2.58387130997
2.59854870698 2.58446735564
2.59827794762 2.58505356783
2.59801039613 2.58563010878
2.59774604454 2.58619713805
2.59748488343 2.58675481256
2.59722690196 2.58730328663
2.59697208802 2.58784271207
2.59672042821 2.58837323814
2.59647190799 2.58889501168
2.59622651171 2.58940817707
2.59598422271 2.58991287634
2.59574502332 2.59040924916
2.595508895 2.59089743289
2.59527581834 2.59137756264
2.59504577313 2.59184977128
2.59481873842 2.5923141895
2.59459469257 2.59277094582
2.59437361331 2.59322016663
2.59415547774 2.59366197628
2.59394026243 2.59409649701
2.59372794345 2.59452384909
2.59351849636 2.59494415077
2.59331189633 2.59535751838
2.5931081181 2.59576406632
2.59290713609 2.59616390709
2.59270892435 2.59655715134
2.59251345668 2.59694390792
2.59232070658 2.59732428384
2.59213064733 2.59769838437
2.59194325201 2.59806631306
2.59175849352 2.59842817171
2.59157634459 2.59878406047
2.59139677783 2.59913407783
2.59121976576 2.59947832066
2.59104528078 2.59981688422
2.59087329525 2.60014986222
2.59070378147 2.60047734679
2.59053671172 2.60079942857
2.59037205828 2.60111619669
2.59020979343 2.60142773882
2.59004988946 2.60173414118
2.58989231872 2.60203548856
2.58973705359 2.60233186435
2.58958406655 2.60262335058
2.58943333013 2.60291002792
2.58928481696 2.60319197569
2.58913849978 2.60346927193
2.58899435144 2.60374199339
2.5888523449 2.60401021552
2.58871245328 2.60427401257
2.58857464982 2.60453345753
2.58843890791 2.60478862221
2.58830520112 2.60503957722
2.58817350317 2.60528639201
2.58804378795 2.60552913489
2.58791602953 2.60576787304
2.58779020219 2.60600267252
2.58766628036 2.60623359831
2.5875442387 2.60646071432
2.58742405206 2.60668408341
2.58730569549 2.60690376739
2.58718914424 2.60711982705
2.58707437381 2.6073323222
2.58696135987 2.60754131163
2.58685007836 2.60774685319
2.58674050539 2.60794900375
2.58663261733 2.60814781927
2.58652639078 2.60834335475
2.58642180254 2.60853566432
2.58631882967 2.6087248012
2.58621744945 2.60891081772
2.5861176394 2.60909376538
2.58601937726 2.60927369479
2.58592264104 2.60945065575
2.58582740895 2.60962469723
2.58573365945 2.60979586741
2.58564137126 2.60996421365
2.58555052331 2.61012978253
2.58546109478 2.61029261989
2.58537306508 2.61045277078
2.58528641388 2.61061027952
2.58520112106 2.61076518971
2.58511716676 2.61091754421
2.58503453135 2.6110673852
2.58495319543 2.61121475413
2.58487313984 2.61135969178
2.58479434565 2.61150223828
2.58471679419 2.61164243307
2.58464046697 2.61178031495
2.58456534579 2.61191592207
2.58449141264 2.61204929196
2.58441864976 2.61218046154
2.5843470396 2.6123094671
2.58427656485 2.61243634435
2.58420720843 2.6125611284
2.58413895346 2.61268385378
2.58407178331 2.61280455445
2.58400568154 2.61292326383
2.58394063196 2.61304001475
2.58387661857 2.61315483953
2.58381362561 2.61326776996
2.5837516375 2.61337883727
2.5836906389 2.61348807221
2.58363061467 2.61359550501
2.58357154987 2.6137011654
2.58351342979 2.61380508262
2.58345623989 2.61390728543
2.58339996585 2.61400780212
2.58334459355 2.61410666049
2.58329010907 2.61420388791
2.58323649867 2.61429951129
2.58318374883 2.6143935571
2.5831318462 2.61448605134
2.58308077762 2.61457701963
2.58303053012 2.61466648714
2.58298109094 2.61475447863
2.58293244746 2.61484101845
2.58288458728 2.61492613055
2.58283749816 2.61500983848
2.58279116803 2.61509216541
2.58274558503 2.61517313412
2.58270073742 2.61525276703
2.58265661368 2.61533108616
2.58261320244 2.61540811319
2.5825704925 2.61548386945
2.5825284728 2.61555837589
2.58248713249 2.61563165313
2.58244646085 2.61570372146
2.58240644732 2.61577460081
2.5823670815 2.61584431081
2.58232835316 2.61591287074
2.5822902522 2.61598029958
2.58225276868 2.61604661599
2.58221589283 2.61611183832
2.58217961499 2.61617598462
2.58214392567 2.61623907265
2.58210881552 2.61630111986
2.58207427532 2.61636214343
2.58204029601 2.61642216023
2.58200686864 2.61648118689
2.58197398444 2.61653923974
2.58194163472 2.61659633484
2.58190981096 2.61665248799
2.58187850476 2.61670771474
2.58184770784 2.61676203036
2.58181741207 2.6168154499
2.58178760941 2.61686798812
2.58175829198 2.61691965958
2.58172945201 2.61697047857
2.58170108182 2.61702045916
2.5816731739 2.61706961517
2.58164572082 2.61711796022
2.58161871527 2.61716550768
2.58159215006 2.6172122707
2.58156601812 2.61725826224
2.58154031248 2.61730349501
2.58151502627 2.61734798154
2.58149015274 2.61739173414
2.58099586555 2.61826103281
2.58049965211 2.61912923338
2.58000183935 2.61999651791
2.57957253942 2.62089967989
2.57991156282 2.61995890195
2.58089439208 2.62014341926
2.58006592836 2.61606941562
2.57924324208 2.61200537559
2.57842586958 2.60795176874
2.57761373489 2.60390858066
2.57680676352 2.59987579673
2.57600488237 2.59585340206
2.57520801971 2.59184138155
2.5744161052 2.58783971986
2.5736290698 2.58384840144
2.57284684578 2.57986741052
2.57206936669 2.57589673111
2.57129656733 2.57193634703
2.57052838374 2.5679862419
2.56976475312 2.56404639914
2.5690056139 2.560116802
2.56825090564 2.55619743351
2.56750056902 2.55228827657
2.56675454584 2.54838931388
2.566012779 2.54450052798
2.56527521244 2.54062190124
2.56454179118 2.53675341588
2.56381246122 2.53289505396
2.56308716959 2.52904679741
2.5623658643 2.52520862798
2.56164849433 2.52138052733
2.56093500958 2.51756247692
2.56022536091 2.51375445814
2.55951950005 2.50995645222
2.55881737966 2.50616844027
2.55811895325 2.50239040327
2.55742417517 2.49862232211
2.55671638908 2.49484555622
2.55599359392 2.49105758307
2.55525594214 2.48725825863
2.55450358286 2.48344743998
2.55373666195 2.47962498529
2.55295532208 2.47579075379
2.5521597028 2.47194460575
2.55134994055 2.46808640243
2.55052616877 2.4642160061
2.54968851789 2.46033327995
2.54883711545 2.45643808813
2.54797208607 2.45253029569
2.5470935516 2.44860976858
2.54620163107 2.44467637359
2.54529644081 2.44072997837
2.54437809445 2.43677045137
2.54344670301 2.43279766187
2.54250237491 2.42881147988
2.54154521602 2.42481177619
2.54057532973 2.42079842233
2.53959281697 2.41677129052
2.53859777623 2.41273025369
2.53759030367 2.40867518543
2.53657049309 2.40460596
2.53553843601 2.40052245227
2.53449422169 2.39642453775
2.5334379372 2.39231209252
2.53236966741 2.38818499328
2.53128949506 2.38404311724
2.53019750079 2.37988634218
2.52909376318 2.37571454642
2.52797835877 2.37152760877
2.5268513621 2.36732540852
2.52571284576 2.36310782545
2.52456288041 2.35887473982
2.52340153481 2.35462603229
2.52222887585 2.35036158399
2.52104496859 2.34608127644
2.5198498763 2.34178499155
2.51864366045 2.33747261163
2.51742982959 2.33315197319
2.51621089048 2.32882864313
2.51498690637 2.32450258242
2.51375793928 2.32017375267
2.51252405011 2.31584211605
2.51128529861 2.31150763535
2.51004174343 2.30717027393
2.50879344211 2.30282999572
2.50754045111 2.29848676521
2.50628282585 2.29414054743
2.5050206207 2.28979130796
2.50375388902 2.2854390129
2.50248268317 2.28108362887
2.50120705453 2.276725123
2.49992705351 2.27236346291
2.49864272957 2.26799861674
2.49735413126 2.26363055307
2.4960613062 2.25925924098
2.49476430111 2.25488465002
2.49346316185 2.25050675016
2.49215793341 2.24612551186
2.49084865992 2.24174090599
2.48953538468 2.23735290387
2.48821815019 2.23296147721
2.48689699813 2.22856659818
2.48557196939 2.22416823933
2.4842431041 2.2197663736
2.48291044162 2.21536097436
2.48157402056 2.21095201534
2.48023387881 2.20653947063
2.47889005353 2.20212331474
2.47754258118 2.1977035225
2.47619149751 2.19328006913
2.47483683762 2.18885293017
2.47347863591 2.18442208153
2.47211692614 2.17998749944
2.47075174142 2.17554916049
2.46938311422 2.17110704157
2.46801107641 2.16666111989
2.46663565922 2.16221137299
2.4652568933 2.15775777871
2.4638748087 2.15330031519
2.46248943491 2.14883896087
2.46110080084 2.14437369448
2.45970893483 2.13990449503
2.45831386469 2.13543134184
2.4569156177 2.13095421446
2.45551422058 2.12647309275
2.45410969957 2.12198795682
2.45270208037 2.11749878702
2.4512913882 2.113005564
2.44987764778 2.10850826863
2.44846088335 2.10400688203
2.44704111868 2.09950138556
2.44561837708 2.09499176083
2.44419268138 2.09047798967
2.44276405398 2.08596005415
2.44133251686 2.08143793656
2.43989809153 2.0769116194
2.43846008247 2.07238211482
2.43700913146 2.06786289434
2.43554540122 2.06335395926
2.43406905312 2.05885531061
2.43258024724 2.05436694919
2.43107914231 2.04988887555
2.42956589578 2.04542109
2.42804066382 2.0409635926
2.42650360128 2.03651638319
2.42495486176 2.03207946136
2.42339459759 2.02765282648
2.42182295983 2.02323647767
2.42024009832 2.01883041385
2.41864616163 2.01443463367
2.41704129712 2.01004913562
2.41542565093 2.0056739179
2.41379936797 2.00130897855
2.41216259198 1.99695431535
2.41051546546 1.99260992589
2.40885812977 1.98827580753
2.40719072506 1.98395195745
2.40551339033 1.97963837259
2.40382626341 1.9753350497
2.40212948098 1.97104198532
2.40042317859 1.96675917578
2.39870749063 1.96248661724
2.39698255037 1.95822430564
2.39524848999 1.95397223672
2.39350544052 1.94973040604
2.39175353192 1.94549880896
2.38999289302 1.94127744066
2.3882236516 1.93706629612
2.38644593435 1.93286537016
2.38465986686 1.92867465737
2.38286557371 1.92449415221
2.38106317838 1.92032384893
2.37925280333 1.91616374161
2.37743456996 1.91201382416
2.37560859865 1.9078740903
2.37377500876 1.9037445336
2.37193391863 1.89962514744
2.37008544557 1.89551592505
2.36822970591 1.89141685948
2.36636681498 1.88732794362
2.36449688713 1.8832491702
2.36262003571 1.87918053179
2.36073637311 1.87512202079
2.35884601076 1.87107362945
2.35694905911 1.86703534988
2.35504562767 1.863007174
2.35313582502 1.85898909361
2.35121975878 1.85498110036
2.34930305084 1.85098415476
2.34745792537 1.84701091672
2.34568290081 1.84306105538
2.34397652474 1.83913424602
2.34233737331 1.83523016997
2.34076405069 1.83134851444
2.33925518854 1.82748897245
2.33780944543 1.82365124268
2.33642550635 1.81983502939
2.33510208217 1.81604004231
2.33383790917 1.81226599651
2.33263174847 1.8085126123
2.33148238564 1.80477961517
2.33038863016 1.80106673564
2.32934931494 1.79737370919
2.32836329592 1.79370027613
2.32742945157 1.79004618156
2.32654668248 1.78641117525
2.32571391089 1.78279501153
2.32493008033 1.77919744923
2.32419415512 1.77561825158
2.32350512004 1.77205718612
2.32286197988 1.76851402465
2.32226375907 1.76498854309
2.32170950129 1.76148052145
2.32119826911 1.75798974373
2.32072914359 1.75451599785
2.32030122393 1.75105907556
2.31991362714 1.74761877237
2.31956548765 1.74419488751
2.31925595699 1.74078722381
2.31898420348 1.73739558764
2.31874941184 1.73401978889
2.31855078295 1.73065964083
2.31838753344 1.72731496009
2.31825889548 1.72398556659
2.31816411639 1.72067128348
2.3181024584 1.71737193704
2.31807319833 1.71408735668
2.31807562733 1.71081737482
2.31810905057 1.70756182688
2.31817278698 1.70432055119
2.31826616898 1.70109338896
2.31838854223 1.69788018419
2.31853926532 1.69468078366
2.3187177096 1.69149503683
2.31892325885 1.68832279582
2.31915530909 1.68516391536
2.31941326831 1.68201825271
2.31969655626 1.67888566765
2.3200054605 1.67575964537
2.32034224016 1.67261943988
2.32070658493 1.66946469498
2.32109819342 1.66629505669
2.32151677292 1.66311017311
2.32196203925 1.65990969436
2.32243371665 1.65669327249
2.32293153753 1.65346056139
2.3234552424 1.6502112167
2.32400457968 1.64694489575
2.32457930553 1.64366125743
2.32517918377 1.64035996218
2.32580398565 1.63704067185
2.32645348981 1.63370304964
2.32712748205 1.63034676005
2.32782575528 1.62697146876
2.32854810932 1.62357684261
2.32929435084 1.62016254947
2.33006429318 1.61672825821
2.33085775625 1.61327363862
2.33167456642 1.60979836132
2.33251455641 1.60630209772
2.33337756515 1.60278451995
2.3342634377 1.59924530077
2.3351720251 1.59568411352
2.33610318433 1.59210063207
2.33705677814 1.58849453071
2.33803267499 1.58486548417
2.33903074895 1.58121316747
2.34005087958 1.5775372559
2.34109295186 1.57383742498
2.3421568561 1.57011335036
2.34324248781 1.56636470779
2.34434974768 1.56259117305
2.34547854143 1.55879242189
2.34662877978 1.55496813
2.34780037832 1.55111797292
2.34899325746 1.547241626
2.35020734237 1.54333876437
2.35144256285 1.53940906284
2.35269885331 1.53545219588
2.35397615267 1.53146783757
2.35527440428 1.52745566153
2.35659355589 1.52341534088
2.35793355954 1.5193465482
2.35928747927 1.515274546
2.36061906223 1.5113330475
2.36192867694 1.50751763809
2.36321668582 1.50382405675
2.36448344533 1.50024819065
2.36572930603 1.49678606992
2.36695461271 1.4934338626
2.36815970446 1.49018786979
2.3693449148 1.48704452095
2.37051057171 1.48400036939
2.37165699779 1.4810520879
2.37278451031 1.47819646454
2.37389342129 1.47543039858
2.37498403763 1.4727508966
2.37605666115 1.4701550687
2.37711158868 1.46764012486
2.37814911218 1.46520337144
2.37916951878 1.46284220778
2.38017309086 1.46055412293
2.38116010616 1.45833669251
2.38213083783 1.45618757566
2.38308555452 1.45410451211
2.38402452044 1.45208531936
2.38494799543 1.45012788993
2.38585623508 1.44823018876
2.38674949073 1.44639025065
2.38762800958 1.4446061778
2.38849203476 1.44287613747
2.38934180538 1.44119835971
2.39017755662 1.43957113513
2.39099951975 1.4379928128
2.39180792227 1.4364617982
2.39260298788 1.43497655127
2.39338493662 1.43353558445
2.39415398488 1.43213746092
2.39491034551 1.43078079275
2.39565422781 1.42946423927
2.39638583766 1.42818650537
2.39710537751 1.42694633991
2.39781304651 1.42574253422
2.39850904049 1.42457392059
2.39919355206 1.42343937087
2.39986677067 1.42233779506
2.40052888262 1.42126814001
2.40118007115 1.42022938813
2.40182051646 1.41922055615
2.40245039581 1.41824069392
2.4030698835 1.4172888833
2.40367915098 1.41636423698
2.40427836686 1.41546589748
2.40486769696 1.41459303607
2.40544730438 1.41374485179
2.40601734953 1.4129205705
2.40657799016 1.41211944393
2.40712938142 1.4113407488
2.40767167592 1.41058378594
2.40820502372 1.40984787948
2.40872957243 1.40913237603
2.40924546722 1.4084366439
2.40975285085 1.40776007238
2.41025186374 1.40710207098
2.410742644 1.40646206875
2.41122532743 1.40583951363
2.41170004763 1.40523387175
2.41216693596 1.40464462686
2.41262612165 1.40407127968
2.41307773175 1.40351334734
2.41352189126 1.40297036284
2.4139587231 1.40244187443
2.41438834815 1.4019274452
2.41481088531 1.40142665246
2.41522645151 1.40093908733
2.41563516177 1.40046435425
2.41603712919 1.40000207049
2.416432465 1.39955186578
2.41682127863 1.39911338182
2.41720367767 1.39868627191
2.41757976795 1.39827020055
2.41794965355 1.39786484304
2.41831343683 1.39746988515
2.41867121847 1.39708502273
2.41902309748 1.39670996139
2.41936917125 1.39634441615
2.41970953554 1.39598811115
2.42004428456 1.39564077932
2.42037351093 1.39530216209
2.42069730578 1.3949720091
2.42101575871 1.39465007794
2.42132895786 1.39433613385
2.42163698989 1.39402994949
2.42193994005 1.39373130469
2.42223789219 1.39343998621
2.42253092876 1.39315578747
2.42281913085 1.39287850841
2.42310257824 1.39260795516
2.42338134934 1.39234393995
2.42365552133 1.39208628081
2.42392517007 1.39183480145
2.42419037018 1.39158933103
2.42445119506 1.39134970396
2.4247077169 1.3911157598
2.42496000667 1.39088734302
2.42520813421 1.39066430286
2.42545216817 1.39044649318
2.4256921761 1.39023377231
2.42592822442 1.39002600288
2.42616037844 1.38982305171
2.42638870243 1.38962478964
2.42661325956 1.38943109143
2.42683411198 1.38924183561
2.42705132081 1.38905690435
2.42726494616 1.38887618338
2.42747504715 1.38869956182
2.42768168193 1.38852693213
2.42788490768 1.38835818995
2.42808478064 1.388193234
2.42828135613 1.38803196605
2.42847468854 1.38787429071
2.42866483139 1.38772011543
2.42885183728 1.38756935036
2.42903575799 1.38742190831
2.42921664439 1.38727770459
2.42939454656 1.38713665699
2.42956951373 1.38699868571
2.42974159432 1.38686371322
2.42991083594 1.38673166424
2.43007728545 1.38660246567
2.43024098889 1.38647604647
2.43040199158 1.38635233765
2.43056033807 1.38623127219
2.43071607219 1.38611278497
2.43086923702 1.38599681269
2.43101987497 1.38588329387
2.43116802772 1.38577216873
2.43131373626 1.38566337918
2.43145704092 1.38555686875
2.43159798137 1.38545258255
2.4317365966 1.3853504672
2.43187292498 1.38525047079
2.43200700424 1.38515254287
2.43213887147 1.38505663436
2.43226856318 1.3849626975
2.43239611526 1.38487068588
2.432521563 1.38478055431
2.43264494112 1.38469225885
2.43276628377 1.38460575675
2.43288562453 1.38452100638
2.43300299642 1.38443796726
2.43311843193 1.38435659996
2.433231963 1.38427686614
2.43334362105 1.38419872845
2.43345343698 1.38412215052
2.43356144119 1.38404709696
2.43366766356 1.38397353331
2.43377213349 1.38390142598
2.43387487989 1.38383074228
2.43397593119 1.38376145038
2.43407531537 1.38369351925
2.43417305992 1.38362691867
2.4342691919 1.3835616192
2.4343637379 1.38349759213
2.4344567241 1.38343480952
2.43454817623 1.38337324411
2.43463811959 1.38331286934
2.43472657909 1.38325365932
2.43481357919 1.38319558881
2.43489914397 1.3831386332
2.43498329712 1.3830827685
2.43506606193 1.3830279713
2.43514746129 1.38297421878
2.43522751774 1.38292148869
2.43530625343 1.38286975932
2.43538369016 1.38281900947
2.43545984934 1.3827692185
2.43553475206 1.38272036624
2.43560841904 1.38267243301
2.43568087068 1.38262539961
2.43575212702 1.3825792473
2.43582220779 1.3825339578
2.43589113237 1.38248951324
2.43595891985 1.3824458962
2.43602558898 1.38240308965
2.43609115821 1.38236107698
2.43615564569 1.38231984196
2.43621906927 1.38227936874
2.43628144649 1.38223964184
2.43634279463 1.38220064614
2.43640313065 1.38216236688
2.43646247125 1.38212478962
2.43652083287 1.38208790026
2.43657823164 1.38205168503
2.43663468346 1.38201613046
2.43669020394 1.3819812234
2.43674480846 1.38194695099
2.43679851211 1.38191330067
2.43685132978 1.38188026013
2.43690327606 1.38184781738
2.43695436535 1.38181596067
2.43700461177 1.38178467852
2.43705402923 1.38175395969
2.43710263141 1.38172379321
2.43715043176 1.38169416834
2.4371974435 1.38166507458
2.43724367966 1.38163650164
2.43728915301 1.38160843947
2.43733387616 1.38158087826
2.43737786146 1.38155380836
2.43742112111 1.38152722038
2.43827337648 1.3810040944
2.43913437345 1.38049548433
2.44000279812 1.37999966319
2.43927007207 1.38068018691
2.43961904032 1.37974305237
