0.490558404088 2.49707221191
0.48112530985 2.49412634755
0.471700621709 2.49116259269
0.46228424509 2.48818113115
0.452876086408 2.48518214484
0.443476053058 2.48216581373
0.434084053403 2.47913231595
0.424699996766 2.47608182772
0.415323793419 2.47301452345
0.405955354574 2.46993057571
0.39659459237 2.46683015525
0.387241419867 2.46371343105
0.377895751037 2.46058057032
0.368557500749 2.4574317385
0.359226584764 2.45426709931
0.349954840129 2.45108042968
0.340883455933 2.44785478248
0.332007280298 2.44459192729
0.323321299669 2.44129358157
0.314820635062 2.43796141214
0.306500538415 2.43459703654
0.298356389048 2.43120202442
0.290432814719 2.42771326272
0.282780417226 2.42405858431
0.275389657667 2.42024359854
0.268251332474 2.41627371738
0.261356561623 2.41215416237
0.254696777265 2.40788997131
0.248263712746 2.40348600474
0.242049392022 2.39894695213
0.236046119442 2.39427733794
0.230246469888 2.3894815274
0.22464327927 2.38456373208
0.219229635344 2.37952801536
0.213998868861 2.37437829755
0.208944545026 2.369118361
0.204060455251 2.36375185492
0.199340609209 2.35828230005
0.194779227155 2.35271309316
0.190373635048 2.34702748374
0.186119167851 2.34122293385
0.182010569733 2.33530198295
0.178042767285 2.32926707433
0.174210863186 2.32312055842
0.170510130093 2.316864696
0.166936004734 2.31050166123
0.163484082218 2.30403354465
0.16015011053 2.29746235601
0.156929985226 2.29079002708
0.153819744313 2.28401841427
0.150815563297 2.27714930121
0.147913750412 2.27018440129
0.145110742013 2.26312535997
0.142403098127 2.25597375716
0.139787498156 2.24873110944
0.137260736739 2.2413988722
0.134819719745 2.23397844173
0.132461460413 2.22647115724
0.130183075625 2.21887830278
0.127981782308 2.21120110911
0.125854893957 2.20344075555
0.123799817287 2.19559837165
0.121814048992 2.18767503893
0.119895172626 2.17967179249
0.11804085558 2.17158962256
0.116248846179 2.16342947602
0.114516970865 2.1551922579
0.11284313149 2.1468788327
0.111225302696 2.13849002585
0.109661529385 2.13002662494
0.108163374161 2.12151581844
0.10674883857 2.11299859777
0.105414563207 2.10447574578
0.104157322206 2.09594801336
0.102974017932 2.08741612078
0.101861675884 2.07888075889
0.100817439806 2.07034259026
0.0998385669862 2.06180225035
0.0989224237455 2.05326034857
0.0980664811066 2.04471746929
0.0972683106324 2.0361741729
0.0965255804318 2.0276309967
0.0958360513233 2.01908845583
0.0951975731512 2.0105470442
0.0946080812483 2.00200723527
0.0940655930392 1.99346948291
0.0935682047783 1.98493422216
0.0931140884175 1.97640186998
0.0927014885983 1.96787282596
0.0923287197638 1.95934747306
0.0919941633852 1.9508261782
0.091696265298 1.94230929295
0.091433533145 1.93379715412
0.09120453392 1.92529008435
0.09100789161 1.91678839269
0.0908422849299 1.90829237511
0.0907064451488 1.89980231506
0.0905991540007 1.89131848393
0.0905192416801 1.88284114157
0.0904655849163 1.87437053669
0.0904371051239 1.86590690738
0.0904327666275 1.85745048147
0.0904515749568 1.84900147699
0.0904925752092 1.84056010251
0.0905548504773 1.83212655754
0.0906375203394 1.82370103291
0.09073973941 1.8152837111
0.0908606959468 1.80687476655
0.0909996105147 1.79847436601
0.0911378621562 1.79011748277
0.091195332494 1.7819599566
0.091177077622 1.77399631165
0.091087900179 1.76622124879
0.0909323611745 1.75862963917
0.0907147912788 1.75121651787
0.0904393015995 1.7439770779
0.0901097939698 1.73690666441
0.0897299707681 1.73000076915
0.0893033442924 1.72325502512
0.0888332457069 1.71666520149
0.0883228335821 1.71022719864
0.0878201168501 1.70395051952
0.0874916905278 1.6978809438
0.0873205392874 1.69201163798
0.0872910138402 1.68633599399
0.0873887283915 1.68084762183
0.0876004655842 1.67554034234
0.0879140883902 1.67040818024
0.088318458449 1.66544535741
0.0888033603878 1.66064628638
0.08935943169 1.65600556405
0.0899780977129 1.65151796559
0.0906515114798 1.64717843857
0.0913724979036 1.64298209727
0.0921345021188 1.63892421718
0.0929315416261 1.63500022967
0.0937581619721 1.63120571687
0.0946093957083 1.62753640667
0.0954807243913 1.62398816791
0.0963680434029 1.62055700577
0.0972676293864 1.61723905722
0.0981761101073 1.61403058669
0.0990904365628 1.61092798189
0.100007857177 1.6079277497
0.100925893927 1.60502651226
0.101842320264 1.60222100317
0.102755140693 1.59950806382
0.103662571891 1.59688463979
0.104563025258 1.59434777746
0.105455090783 1.59189462068
0.106337522139 1.58952240752
0.107209222915 1.58722846719
0.108069233899 1.58501021701
0.108916721334 1.58286515955
0.109750966078 1.58079087976
0.110571353599 1.57878504227
0.111377364752 1.5768453888
0.112168567259 1.57496973554
0.112944607867 1.57315597077
0.113705205111 1.57140205243
0.114450142654 1.56970600585
0.115179263146 1.56806592152
0.115892462575 1.56647995291
0.11658968507 1.56494631444
0.117270918116 1.56346327944
0.117936188162 1.56202917821
0.118585556578 1.56064239616
0.119219115948 1.55930137195
0.119836986665 1.55800459576
0.12043931381 1.55675060761
0.121026264289 1.55553799568
0.121598024215 1.55436539472
0.122154796502 1.55323148455
0.122696798682 1.55213498853
0.123224260889 1.55107467217
0.123737424041 1.55004934168
0.124236538164 1.54905784269
0.124721860877 1.5480990589
0.125193656008 1.54717191085
0.125652192338 1.5462753547
0.126097742464 1.54540838104
0.126530581768 1.54457001378
0.126950987478 1.54375930904
0.127359237833 1.54297535406
0.12775561132 1.54221726623
0.128140385992 1.54148419203
0.128513838861 1.54077530613
0.128876245347 1.54008981041
0.129227878793 1.5394269331
0.129569010035 1.53878592789
0.129899907013 1.5381660731
0.130220834445 1.53756667084
0.130532053522 1.53698704628
0.13083382166 1.53642654684
0.131126392273 1.53588454147
0.131410014588 1.53536041994
0.131684933485 1.53485359217
0.13195138936 1.53436348754
0.132209618019 1.53388955424
0.132459850591 1.53343125871
0.132702313458 1.53298808496
0.13293722821 1.53255953404
0.133164811608 1.53214512345
0.133385275567 1.53174438663
0.133598827154 1.5313568724
0.13380566859 1.53098214447
0.134005997271 1.53061978096
0.134200005797 1.53026937387
0.134387882004 1.52993052872
0.134569809007 1.529602864
0.134745965255 1.5292860108
0.134916524582 1.5289796124
0.135081656273 1.52868332382
0.135241525123 1.52839681149
0.135396291512 1.52811975284
0.135546111477 1.52785183593
0.135691136786 1.52759275913
0.135831515015 1.52734223074
0.135967389633 1.52709996872
0.136098900076 1.5268657003
0.136226181837 1.52663916173
0.136349366544 1.52642009796
0.136468582047 1.52620826234
0.1365839525 1.5260034164
0.13669559845 1.52580532949
0.136803636915 1.52561377859
0.136908181474 1.52542854805
0.137009342346 1.52524942932
0.137107226475 1.52507622074
0.137201937614 1.52490872729
0.137293576403 1.52474676041
0.137382240451 1.52459013774
0.137468024416 1.52443868294
0.137551020082 1.5242922255
0.137631316436 1.52415060053
0.137708999745 1.52401364857
0.137784153629 1.52388121543
0.137856859135 1.52375315202
0.137927194806 1.52362931415
0.137995236757 1.5235095624
0.138061058739 1.52339376194
0.138124732205 1.5232817824
0.138186326381 1.5231734977
0.138245908329 1.52306878593
0.138303543005 1.5229675292
0.138359293329 1.5228696135
0.138413220235 1.5227749286
0.13846538274 1.5226833679
0.138515837992 1.5225948283
0.138564641332 1.52250921013
0.138611846344 1.52242641699
0.138657504912 1.52234635567
0.138701667267 1.52226893603
0.138744382041 1.5221940709
0.138785696313 1.522121676
0.138825655656 1.52205166982
0.138864304189 1.52198397355
0.138901684613 1.52191851095
0.138937838263 1.52185520835
0.138972805142 1.52179399445
0.139006623971 1.52173480035
0.139039332223 1.52167755941
0.139070966164 1.52162220716
0.139101560889 1.52156868131
0.139131150363 1.52151692157
0.139159767451 1.52146686969
0.139187443956 1.5214184693
0.139214210652 1.52137166591
0.139240097316 1.52132640684
0.139265132761 1.52128264112
0.139761709317 1.52041464819
0.140260755455 1.51954807278
0.139374115085 1.52001053235
0.140374085185 1.52000279926
0.14198164213 1.52816062695
0.143526631224 1.53633090016
0.145011487675 1.5445131345
0.146438551911 1.55270686442
0.147810073268 1.56091164251
0.149128213533 1.56912703876
0.150395050356 1.5773526399
0.151612580524 1.58558804874
0.152782723103 1.59383288356
0.153907322471 1.60208677749
0.154988151218 1.61034937794
0.156026912943 1.61862034603
0.157025244942 1.6268993561
0.157984720781 1.63518609514
0.158906852786 1.64348026233
0.159805831879 1.651785706
0.160718935821 1.66011406291
0.161645812488 1.6684655066
0.162586122513 1.67684020761
0.163539538832 1.68523833351
0.164505746261 1.69366004908
0.165484441083 1.70210551643
0.166475330644 1.71057489503
0.167478132969 1.71906834187
0.168492576394 1.72758601154
0.169518399201 1.73612805633
0.170555349276 1.74469462631
0.171603183771 1.75328586942
0.172661668787 1.76190193154
0.173730579056 1.77054295663
0.174809697644 1.77920908671
0.175898815663 1.78790046204
0.176997731985 1.79661722111
0.17810625298 1.80535950076
0.179194344548 1.81411937449
0.180243849612 1.82289156439
0.181256061233 1.83167570769
0.18223222913 1.84047145375
0.183173561132 1.84927846372
0.18408122458 1.8580964101
0.184956347688 1.86692497639
0.185800020852 1.87576385668
0.186613297918 1.88461275535
0.187397197407 1.8934713867
0.188152703701 1.90233947458
0.188880768184 1.91121675215
0.18958231035 1.92010296148
0.190258218873 1.92899785333
0.190909352639 1.9379011868
0.191536541741 1.94681272908
0.192140588453 1.95573225517
0.192722268151 1.96465954762
0.193282330226 1.97359439628
0.193833107056 1.98253308658
0.194399024995 1.99146823647
0.194979669758 2.00039996034
0.195574638456 2.00932836945
0.19618353928 2.01825357199
0.196805991196 2.02717567317
0.197441623649 2.03609477533
0.198090076277 2.04501097798
0.198750998627 2.0539243779
0.199424049886 2.0628350692
0.200108898612 2.07174314341
0.20080522248 2.08064868956
0.201512708031 2.0895517942
0.202231050424 2.09845254153
0.202959953204 2.10735101341
0.203699128069 2.11624728948
0.204448294645 2.12514144716
0.205207180271 2.13403356177
0.205975519783 2.14292370654
0.206753055311 2.15181195269
0.207539536075 2.16069836948
0.208334718196 2.16958302429
0.209138364498 2.17846598262
0.209950244331 2.18734730818
0.210770133388 2.19622706293
0.211597813529 2.20510530713
0.212433072616 2.21398209937
0.213275704345 2.22285749665
0.214125508085 2.23173155439
0.214982288722 2.2406043265
0.215845856512 2.24947586538
0.216716026925 2.25834622203
0.217592620508 2.26721544601
0.218475462745 2.27608358555
0.219364383918 2.28495068753
0.220259218977 2.29381679756
0.221159807411 2.30268195999
0.222065993124 2.31154621795
0.222977624313 2.32040961339
0.223894553351 2.3292721871
0.224816636669 2.33813397874
0.225743734649 2.34699502692
0.226675711513 2.35585536914
0.227612435213 2.3647150419
0.228553872171 2.37343747192
0.229499471221 2.38197758447
0.230448511627 2.39033938371
0.231400305208 2.39852678076
0.232354195166 2.40654359598
0.233309554948 2.4143935612
0.234265787142 2.42208032191
0.23522232242 2.42960743936
0.236178618501 2.43697839262
0.237134159165 2.44419658061
0.238088453288 2.45126532404
0.239041033913 2.45818786732
0.239991457352 2.46496738043
0.240939302323 2.47160696068
0.241884169104 2.47810963456
0.242825678728 2.48447835938
0.243763472199 2.49071602499
0.244697209732 2.49682545537
0.245626570028 2.50280941027
0.246551249561 2.50867058673
0.247470961901 2.51441162058
0.248385437052 2.52003508795
0.249263007761 2.52551032577
0.250084811909 2.5308198269
0.256896212582 2.53492906127
0.263747483224 2.53898251213
0.270638329767 2.5429815321
0.277568466531 2.54692744404
0.28453761604 2.55082154169
0.291545508849 2.55466509033
0.298591883367 2.55845932741
0.305676485692 2.5622054632
0.31279906944 2.56590468135
0.319959395591 2.56955813953
0.327157232323 2.57316696995
0.334392354863 2.57673228
0.341664545334 2.58025515275
0.348973592605 2.58373664752
0.356319292154 2.58717780039
0.363701445917 2.59057962473
0.371119862158 2.59394311171
0.378574355329 2.59726923079
0.386064745942 2.60055893021
0.393576768226 2.60382827215
0.401075646668 2.60711502909
0.408561581816 2.61041865744
0.416034769026 2.61373862807
0.423495398601 2.61707442591
0.43094365592 2.6204255496
0.438379721572 2.62379151111
0.44580377148 2.62717183542
0.453215977029 2.63056606011
0.46061650518 2.63397373512
0.468005518591 2.63739442232
0.475383175732 2.64082769528
0.48274963099 2.6442731389
0.490105034783 2.64773034916
0.497449533663 2.65119893279
0.504783270416 2.65467850699
0.512106384166 2.65816869916
0.519419010468 2.66166914664
0.526721281403 2.66517949643
0.534013325672 2.66869940494
0.541295268685 2.67222853774
0.548567232644 2.67576656933
0.555829336635 2.67931318287
0.563081696702 2.68286807
0.570324425935 2.68643093056
0.577557634544 2.69000147242
0.584781429936 2.69357941125
0.59199591679 2.6971644703
0.599201197126 2.70075638022
0.60639737038 2.70435487885
0.61358453347 2.70795971104
0.620762780862 2.71157062845
0.627932204633 2.71518738939
0.635092894541 2.71880975862
0.642244938077 2.72243750722
0.649388420535 2.72607041235
0.656523425061 2.72970825717
0.663650032714 2.73335083064
0.670768322522 2.73699792735
0.677878371534 2.74064934741
0.684993789173 2.74425984196
0.692154900785 2.74769500745
0.699359171128 2.75096246569
0.706604175613 2.75406950843
0.713887595514 2.75702311162
0.72120721338 2.75982994909
0.728560908652 2.76249640564
0.735946653462 2.76502858958
0.743362508619 2.76743234465
0.750806619771 2.76971326151
0.758277213727 2.77187668869
0.76577259494 2.77392774309
0.773291142149 2.77587131997
0.780831305153 2.7777121026
0.788391601741 2.7794545714
0.795970614741 2.78110301274
0.803566989205 2.78266152734
0.81117942971 2.78413403831
0.818806697786 2.78552429882
0.826447609439 2.78683589951
0.8341010328 2.78807227548
0.841765885861 2.78923671303
0.849441134315 2.79033235614
0.857125789492 2.79136221257
0.864818906378 2.79232915984
0.872433140151 2.79327255745
0.87991807642 2.79421485769
0.887276123423 2.79515542162
0.894509635148 2.79609365125
0.901620912931 2.79702898747
0.908612207003 2.79796090803
0.915485717966 2.79888892566
0.922243598226 2.79981258625
0.92888795337 2.80073146715
0.935420843488 2.80164517553
0.941844284454 2.80255334682
0.948160249156 2.80345564321
0.954370668685 2.8043517523
0.960477433479 2.8052413857
0.966400905794 2.80596779581
0.972128929009 2.80651172458
0.977667952101 2.80689051544
0.983024211263 2.80712013086
0.988203736917 2.80721525562
0.993212360509 2.80718939265
0.998055721071 2.80705495181
1.00273927157 2.80682333222
1.00726828506 2.80650499855
1.01164786059 2.80610955175
1.01588292896 2.80564579456
1.0199782583 2.80512179225
1.0239384594 2.80454492886
1.02776799089 2.80392195936
1.03147116433 2.80325905793
1.03505214897 2.80256186266
1.03851497652 2.80183551702
1.04186354567 2.80108470817
1.04510162644 2.80031370256
1.04823286447 2.79952637874
1.05126078513 2.79872625787
1.05418879742 2.79791653186
1.05702019791 2.79710008948
1.05975817437 2.79627954047
1.06240580938 2.79545723788
1.06496608383 2.79463529872
1.06744188024 2.79381562308
1.06983598601 2.79299991177
1.0721510966 2.79218968266
1.0743898185 2.79138628576
1.07655467221 2.79059091721
1.07864809506 2.78980463212
1.08067244396 2.78902835652
1.08262999806 2.78826289831
1.08452296129 2.78750895746
1.08635346488 2.78676713532
1.08812356973 2.78603794333
1.08983526874 2.78532181095
1.09149048904 2.78461909301
1.09309109419 2.78393007654
1.09463888627 2.78325498695
1.09613560786 2.78259399385
1.09758294407 2.78194721629
1.09898252442 2.78131472768
1.10033592464 2.78069656024
1.10164466848 2.78009270919
1.1029102294 2.77950313644
1.10413403225 2.77892777419
1.10531745488 2.77836652804
1.10646182965 2.77781927996
1.10756844498 2.77728589097
1.10863854676 2.77676620362
1.10967333979 2.77626004424
1.1106739891 2.775767225
1.11164162128 2.7752875458
1.11257732577 2.774820796
1.11348215604 2.77436675597
1.1143571308 2.77392519855
1.11520323515 2.77349589037
1.11602142171 2.77307859298
1.11681261163 2.77267306397
1.11757769568 2.77227905793
1.11831753525 2.77189632737
1.1190329633 2.77152462344
1.11972478531 2.77116369673
1.12039378016 2.77081329789
1.12104070106 2.7704731782
1.12166627635 2.77014309009
1.12227121035 2.76982278763
1.12285618414 2.76951202693
1.1234218563 2.76921056649
1.12396886372 2.76891816755
1.12449782224 2.76863459437
1.12500932741 2.76835961446
1.12550395511 2.7680929988
1.12598226222 2.76783452205
1.12644478726 2.76758396268
1.12689205096 2.76734110311
1.12732455688 2.76710572982
1.12774279197 2.76687763345
1.1281472271 2.76665660883
1.12853831761 2.76644245509
1.12891650382 2.76623497567
1.1292822115 2.76603397833
1.12963585241 2.76583927518
1.12997782469 2.76565068267
1.13030851336 2.76546802158
1.13062829072 2.76529111701
1.13093751681 2.76511979835
1.13123653976 2.76495389922
1.13152569624 2.76479325746
1.13180531181 2.76463771507
1.13207570126 2.76448711817
1.13233716903 2.7643413169
1.13259000948 2.76420016543
1.13283450729 2.76406352182
1.13307093772 2.76393124803
1.13329956696 2.76380320977
1.13352065242 2.76367927651
1.13373444302 2.76355932136
1.13394117944 2.76344322098
1.13414109445 2.76333085556
1.13433441313 2.76322210872
1.13452135312 2.7631168674
1.13470212489 2.76301502186
1.13487693198 2.76291646551
1.13504597118 2.76282109493
1.13520943282 2.76272880972
1.13536750092 2.76263951248
1.13552035346 2.76255310867
1.13566816253 2.76246950662
1.13581109452 2.7623886174
1.13594931038 2.76231035476
1.13608296571 2.76223463505
1.13621221099 2.7621613772
1.13633719173 2.76209050257
1.13645804865 2.76202193497
1.1365749178 2.76195560052
1.13668793078 2.76189142762
1.13679721481 2.76182934691
1.13690289294 2.76176929114
1.13700508415 2.76171119518
1.13710390349 2.76165499593
1.13719946221 2.76160063223
1.13729186791 2.76154804487
1.13738122462 2.76149717648
1.13746763294 2.7614479715
1.13755119016 2.76140037611
1.13763199035 2.7613543382
1.13771012448 2.76130980732
1.13778568052 2.76126673458
1.13785874353 2.76122507269
1.13792939578 2.76118477582
1.13799771681 2.76114579963
1.13806378355 2.76110810118
1.13812767036 2.7610716389
1.13818944918 2.76103637255
1.13824918957 2.76100226319
1.13830695878 2.76096927312
1.13836282186 2.76093736584
1.13841684169 2.76090650603
1.1384690791 2.76087665953
1.13851959291 2.76084779323
1.13856843997 2.76081987514
1.13861567529 2.76079287426
1.13866135205 2.76076676062
1.13870552167 2.7607415052
1.13957360467 2.76024508611
1.1404400953 2.75974589277
1.13957572105 2.76024874181
1.14043284755 2.75973363584
