3.49281207337 0.499227050393
3.48562274506 0.498456189936
3.47843203419 0.49768739016
3.47123995959 0.496920622981
3.46404653985 0.496155860699
3.45685179329 0.495393075992
3.44965573801 0.494632241909
3.44245839183 0.493873331867
3.43525977235 0.493116319646
3.42805989692 0.492361179382
3.42085878266 0.491607885565
3.41365644644 0.490856413031
3.40645290493 0.49010673696
3.39924817454 0.48935883287
3.39204227148 0.488612676612
3.38483521174 0.487868244367
3.37762701106 0.487125512641
3.37041768501 0.486384458259
3.36320724892 0.485645058361
3.35599571791 0.484907290402
3.34878310691 0.48417113214
3.34162547743 0.483389546939
3.33461238549 0.482487693331
3.32773944942 0.481469994045
3.32090392645 0.480373604231
3.31407546867 0.47920994597
3.30725274733 0.477980286909
3.30043446368 0.476685855681
3.29361934805 0.475327842968
3.28683165988 0.473955222978
3.28007914227 0.472583860471
3.27336154135 0.471213929302
3.26667860737 0.469845596437
3.26003009449 0.468479022189
3.25341576074 0.467114360446
3.24683536787 0.46575175889
3.24028868126 0.464391359216
3.23377546984 0.463033297334
3.22729550594 0.461677703571
3.22084856524 0.460324702861
3.21443442668 0.458974414936
3.20805287234 0.457626954501
3.20170368736 0.45628243141
3.1953866599 0.454940950834
3.18910158101 0.453602613425
3.18284824456 0.452267515469
3.1766264472 0.45093574904
3.17043598825 0.449607402148
3.16427666962 0.448282558876
3.15814829582 0.446961299521
3.15205067378 0.445643700724
3.14598361288 0.444329835597
3.13994692485 0.443019773849
3.1339404237 0.441713581903
3.12796392568 0.44041132301
3.12201724924 0.439113057363
3.11610021494 0.437818842203
3.11021264539 0.436528731922
3.10435436528 0.435242778166
3.09852520122 0.433961029927
3.09272498177 0.432683533643
3.08695353737 0.431410333283
3.08121070029 0.430141470436
3.07549630461 0.428876984399
3.06981018613 0.427616912252
3.06415218239 0.426361288941
3.05852213258 0.425110147354
3.05291987754 0.423863518394
3.04734525968 0.422621431049
3.04179812301 0.421383912462
3.03627831304 0.420150987996
3.03078567677 0.4189226813
3.02532006267 0.417699014368
3.01988132064 0.416480007602
3.01445319115 0.415273863604
3.00899338873 0.414101768426
3.00350215946 0.412962691351
2.99797973946 0.411855632594
2.9924263552 0.410779622375
2.98684222377 0.409733720018
2.98122755316 0.408717013073
2.97558254252 0.407728616473
2.9699073824 0.406767671707
2.96420225504 0.405833346024
2.95846733458 0.404924831661
2.95270278727 0.404041345088
2.94690877177 0.403182126284
2.94108543928 0.402346438028
2.93523293385 0.401533565215
2.92935139249 0.400742814192
2.92344094543 0.399973512112
2.91750171631 0.399225006312
2.91153382236 0.398496663701
2.90553737456 0.397787870179
2.89951247786 0.39709803006
2.89345923132 0.396426565523
2.88737772829 0.395772916074
2.88126805657 0.395136538024
2.87513556851 0.394481401584
2.86898466641 0.393776538274
2.86281486411 0.393022756242
2.85662568175 0.392220842456
2.85041664561 0.391371563184
2.8441872879 0.390475664479
2.83793714661 0.389533872641
2.83166576534 0.388546894675
2.82537269315 0.387515418733
2.81905748437 0.386440114548
2.81271969847 0.385321633861
2.80635889991 0.384160610829
2.79997465797 0.382957662431
2.79356654662 0.381713388865
2.78713414439 0.380428373926
2.78067703421 0.379103185388
2.77419480326 0.377738375365
2.76768704289 0.376334480671
2.76115334845 0.374892023172
2.75459331917 0.373411510122
2.74800655803 0.371893434497
2.74139267167 0.370338275321
2.73475127022 0.368746497984
2.72808196725 0.367118554549
2.72138437959 0.365454884054
2.71465812726 0.363755912808
2.70806337627 0.362051708666
2.70163800114 0.360350679503
2.69537728549 0.358653557601
2.68927665167 0.356961038401
2.68333165657 0.355273781887
2.67753798747 0.353592413936
2.67189145815 0.35191752761
2.66638800499 0.350249684409
2.6610236833 0.348589415483
2.65579466367 0.346937222793
2.65069722851 0.345293580244
2.64583023032 0.343677774823
2.64125068194 0.342101955372
2.63694252311 0.340565132367
2.63289057027 0.339066340773
2.62908046925 0.337604639435
2.62549865041 0.336179110488
2.62213228622 0.334788858783
2.61896925115 0.333433011321
2.61599808368 0.332110716709
2.61320795039 0.330821144622
2.61058861194 0.329563485282
2.60813039093 0.328336948953
2.60582414143 0.327140765441
2.60366122023 0.32597418361
2.60163345954 0.324836470916
2.59973314127 0.323726912939
2.5979529726 0.322644812942
2.59628606292 0.321589491429
2.59472590199 0.320560285717
2.5932663393 0.319556549526
2.59190156452 0.318577652566
2.59062608899 0.317622980148
2.58943472827 0.316691932792
2.58832258556 0.315783925853
2.58728503605 0.314898389156
2.58631771215 0.314034766635
2.58541648939 0.313192515984
2.58457747326 0.312371108319
2.58379698662 0.311570027844
2.58307155784 0.310788771525
2.58239790959 0.310026848779
2.58177294824 0.309283781163
2.58119375378 0.308559102072
2.58065757036 0.307852356451
2.58016179728 0.307163100503
2.5797039805 0.306490901415
2.5792818046 0.305835337086
2.57889308521 0.305195995859
2.57853576174 0.304572476264
2.57820789066 0.303964386767
2.57790763903 0.303371345523
2.5776332784 0.302792980136
2.57738317909 0.302228927427
2.57715580471 0.301678833201
2.57694970706 0.301142352033
2.57676352121 0.300619147042
2.57659596094 0.300108889687
2.57644581435 0.299611259555
2.57631193977 0.299125944163
2.57619326187 0.29865263876
2.57608876794 0.29819104614
2.57599750446 0.297740876447
2.57591857377 0.297301847001
2.57585113097 0.296873682117
2.575794381 0.296456112933
2.57574757583 0.296048877239
2.57571001183 0.295651719314
2.57568102729 0.295264389766
2.5756600001 0.294886645374
2.57564634546 0.294518248938
2.57563951386 0.294158969124
2.57563898902 0.293808580327
2.57564428607 0.293466862521
2.57565494975 0.293133601129
2.57567055272 0.29280858688
2.57569069401 0.292491615686
2.57571499751 0.292182488506
2.57574311054 0.291881011226
2.57577470252 0.291586994536
2.57580946371 0.29130025381
2.57584710403 0.291020608992
2.57588735191 0.290747884481
2.57592995322 0.290481909021
2.5759746703 0.290222515596
2.57602128095 0.289969541321
2.57606957761 0.289722827343
2.57611936642 0.28948221874
2.5761704665 0.289247564424
2.57622270915 0.289018717044
2.57627593714 0.288795532899
2.57633000404 0.288577871841
2.57638477358 0.288365597192
2.57644011906 0.288158575656
2.57649592275 0.287956677235
2.57655207541 0.287759775148
2.57660847571 0.287567745752
2.57666502983 0.287380468465
2.57672165095 0.287197825685
2.57677825883 0.287019702726
2.57683477946 0.286845987734
2.57689114462 0.286676571629
2.57694729157 0.286511348025
2.57700316265 0.286350213172
2.57705870505 0.286193065887
2.57711387044 0.28603980749
2.5771686147 0.285890341744
2.57722289769 0.285744574793
2.57727668296 0.285602415103
2.57732993753 0.285463773408
2.57738263165 0.285328562646
2.57743473861 0.285196697915
2.57748623455 0.28506809641
2.57753709824 0.284942677378
2.57758731092 0.284820362062
2.57763685616 0.284701073655
2.57768571965 0.284584737252
2.57773388911 0.284471279799
2.57778135411 0.284360630052
2.57782810596 0.284252718529
2.5778741376 0.284147477468
2.57791944345 0.284044840784
2.57796401932 0.283944744026
2.57800786232 0.283847124341
2.57805097076 0.283751920427
2.57809334405 0.283659072503
2.57813498259 0.283568522266
2.57817588778 0.283480212855
2.57821606183 0.283394088817
2.57825550779 0.28331009607
2.57829422942 0.283228181874
2.57833223114 0.283148294789
2.57836951801 0.283070384652
2.57840609563 0.282994402539
2.57844197013 0.282920300739
2.57847714807 0.282848032719
2.57851163644 0.282777553099
2.57854544263 0.282708817623
2.57857857433 0.282641783127
2.57861103955 0.282576407519
2.57864284656 0.282512649747
2.57867400388 0.282450469773
2.57870452022 0.282389828554
2.57873440447 0.282330688009
2.57876366569 0.282273011001
2.57879231304 0.282216761313
2.57882035582 0.282161903624
2.5788478034 0.282108403485
2.5788746652 0.282056227302
2.57890095073 0.282005342312
2.57892666951 0.28195571656
2.57895183106 0.281907318886
2.57897644495 0.281860118898
2.57900052069 0.281814086958
2.57902406782 0.281769194159
2.57948957535 0.280884150242
2.57999230408 0.280019706011
2.58016683296 0.279035053956
2.58044880828 0.279994475613
2.57944882457 0.280000183228
2.57333582518 0.284091680846
2.56723456347 0.288116865758
2.56114535631 0.292077571687
2.55506850812 0.295975576074
2.54900431119 0.29981260183
2.54295304613 0.30359031903
2.53691498223 0.307310346564
2.53089037781 0.310974253722
2.52487948058 0.314583561741
2.51888252796 0.318139745302
2.51289974745 0.321644233972
2.50693135693 0.325098413612
2.50097756496 0.328503627736
2.49503857108 0.331861178828
2.48911456613 0.335172329614
2.48320573248 0.338438304307
2.47731224437 0.341660289794
2.4714342681 0.344839436805
2.46557196235 0.347976861033
2.45972547839 0.351073644225
2.45389496033 0.354130835235
2.44808054535 0.35714945105
2.44228236393 0.360130477775
2.43650054008 0.363074871599
2.43070322593 0.365938961737
2.42486998811 0.368695942504
2.41900132899 0.371348794863
2.4130977353 0.373900414797
2.40715967856 0.376353615726
2.40118761555 0.378711130855
2.39518198868 0.380975615457
2.38914322644 0.38314964909
2.38307174373 0.385235737748
2.37696794231 0.387236315958
2.37083221112 0.389153748806
2.3646649267 0.39099033392
2.35846645345 0.392748303382
2.35223714405 0.394429825598
2.34597733978 0.396037007104
2.33968737079 0.397571894329
2.33336755646 0.399036475304
2.3270182057 0.400432681323
2.32063961722 0.401762388554
2.31423207983 0.403027419612
2.30779587274 0.404229545077
2.30133126578 0.405370484979
2.29483851971 0.406451910232
2.28831788644 0.407475444029
2.28176960932 0.408442663206
2.27523342729 0.409411665176
2.26871429643 0.41038950067
2.26221217352 0.411375911304
2.25572701547 0.412370644235
2.24925877924 0.41337345205
2.2428074219 0.41438409265
2.23637290058 0.41540232914
2.22995517251 0.416427929724
2.223554195 0.417460667595
2.21716992545 0.418500320832
2.21080232132 0.419546672303
2.20445134019 0.420599509557
2.19811693971 0.421658624734
2.19179907762 0.422723814468
2.18549771173 0.423794879789
2.17921279996 0.424871626039
2.17294430031 0.425953862774
2.16669217086 0.427041403685
2.16045636979 0.428134066504
2.15423685535 0.429231672925
2.14803358589 0.430334048522
2.14184651984 0.431441022662
2.13567561574 0.432552428433
2.12952083219 0.433668102565
2.1233821279 0.43478788535
2.11725946165 0.435911620573
2.11115279233 0.437039155436
2.1050620789 0.438170340489
2.09898728043 0.439305029558
2.09292835605 0.440443079679
2.08688242376 0.441579331589
2.08082942724 0.44267839291
2.07476928852 0.443740902618
2.06870193067 0.444767488147
2.06262727778 0.4457587656
2.05654525494 0.446715339948
2.05045578821 0.447637805233
2.04435880463 0.448526744763
2.03825423218 0.449382731307
2.03214199976 0.450206327283
2.0260220372 0.450998084941
2.01989427521 0.451758546553
2.01375864537 0.452488244586
2.00761508013 0.453187701879
2.0014635128 0.45385743182
1.99530387748 0.45449793851
1.98913610912 0.455109716936
1.98296014346 0.455693253128
1.97677591699 0.456249024328
1.97058336702 0.45677749914
1.96438243157 0.45727913769
1.95817304943 0.457754391778
1.95195516009 0.458203705025
1.94572870377 0.458627513022
1.93949362139 0.459026243476
1.93324985453 0.459400316346
1.92699734548 0.459750143989
1.92073603715 0.460076131292
1.91446587312 0.460378675806
1.9081867976 0.460658167883
1.90189875543 0.460914990798
1.89560169204 0.461149520881
1.88929555348 0.461362127643
1.88298028638 0.461553173893
1.87665583794 0.461723015862
1.87032215592 0.461872003322
1.86397918867 0.4620004797
1.85762688503 0.462108782192
1.85126519442 0.462197241876
1.84489406676 0.462266183823
1.83851345249 0.462315927201
1.83212330253 0.462346785385
1.82572356834 0.462359066058
1.81931420182 0.462353071317
1.81289515536 0.462329097769
1.80646638182 0.462287436633
1.80002783452 0.462228373834
1.79357946721 0.462152190101
1.7871524496 0.46201925271
1.7807532097 0.461822319197
1.77438130265 0.461563075998
1.76803629403 0.461243168096
1.76171775964 0.460864200035
1.75542528521 0.460427736912
1.74915846619 0.459935305336
1.74291690749 0.459388394376
1.73670022326 0.458788456474
1.73050803667 0.458136908343
1.72433997967 0.457435131843
1.71819569282 0.456684474828
1.71207482501 0.455886251985
1.70597703333 0.455041745638
1.69990198282 0.454152206545
1.69384934631 0.45321885467
1.6878188042 0.45224287993
1.6818100443 0.451225442939
1.67582276163 0.450167675718
1.66985665826 0.449070682397
1.66391144314 0.447935539898
1.65798683191 0.4467632986
1.65208254677 0.445554982987
1.64619831628 0.444311592284
1.64033387524 0.443034101071
1.63448896455 0.441723459891
1.62866333099 0.440380595834
1.62285672716 0.439006413115
1.61706891129 0.437601793626
1.61129964712 0.436167597493
1.60554870377 0.434704663598
1.59981585558 0.433213810105
1.59410088203 0.431695834967
1.58840356756 0.430151516417
1.58272370152 0.428581613452
1.57706107796 0.426986866306
1.57141549562 0.425367996906
1.56578675771 0.42372570932
1.56017467188 0.422060690199
1.5545790501 0.420373609195
1.5489670774 0.418665919538
1.54332403192 0.416938261233
1.53764962074 0.415190754934
1.53194355178 0.413423515639
1.52620553363 0.41163665282
1.52043527558 0.409830270557
1.51463248751 0.408004467662
1.50879687985 0.406159337797
1.50292816352 0.404294969598
1.49702604987 0.402411446788
1.49109025059 0.400508848289
1.48512047775 0.398587248334
1.47911644363 0.39664671657
1.47307786076 0.394687318164
1.46700444182 0.392709113904
1.4608958996 0.390712160293
1.45475194696 0.38869650965
1.44857229677 0.3866622102
1.44235666187 0.384609306163
1.43610475503 0.382537837843
1.42981628889 0.380447841714
1.42349097593 0.378339350502
1.41712852842 0.376212393267
1.41080785315 0.374088520918
1.40462419933 0.371993950094
1.39857440413 0.369928413753
1.39265538244 0.367891642015
1.38686412483 0.36588336244
1.38119769563 0.363903300291
1.37565323095 0.361951178786
1.37022793691 0.360026719344
1.36491908775 0.358129641817
1.35972402413 0.35625966471
1.35464015139 0.354416505393
1.34966493787 0.352599880309
1.34479591336 0.350809505163
1.34015384977 0.349057198399
1.33578944301 0.347348255573
1.33168710158 0.345681603567
1.32783208698 0.344056195821
1.32421046756 0.342471011671
1.32080907491 0.340925055714
1.31761546251 0.339417357179
1.31461786669 0.337946969317
1.31180516961 0.33651296881
1.30916686432 0.335114455189
1.30669302159 0.333750550267
1.30437425869 0.33242039759
1.30220170966 0.3311231619
1.30016699731 0.329858028608
1.29826220673 0.328624203282
1.29647986013 0.327420911152
1.29481289314 0.326247396619
1.29325463232 0.325102922784
1.29179877395 0.323986770984
1.29043936385 0.322898240339
1.28917077843 0.321836647315
1.28798770667 0.320801325292
1.28688513308 0.31979162415
1.28585832161 0.318806909852
1.2849028004 0.317846564055
1.28401434741 0.316909983719
1.28318897671 0.315996580723
1.28242292567 0.315105781504
1.28171264267 0.314237026691
1.28105477564 0.313389770757
1.28044616109 0.312563481673
1.27988381379 0.311757640578
1.27936491705 0.310971741449
1.27888681339 0.310205290788
1.27844699589 0.309457807308
1.27804309988 0.308728821632
1.27767289513 0.308017875999
1.27733427846 0.307324523976
1.27702526672 0.306648330179
1.27674399022 0.305988869996
1.27648868646 0.305345729325
1.27625769419 0.30471850431
1.27604944783 0.30410680109
1.2758624722 0.303510235551
1.2756953775 0.302928433084
1.27554685455 0.302361028351
1.27541567038 0.301807665054
1.27530066394 0.301267995713
1.27520074214 0.300741681447
1.27511487604 0.30022839176
1.27504209728 0.299727804337
1.27498149474 0.299239604838
1.27493221127 0.298763486701
1.27489344072 0.298299150951
1.27486442508 0.297846306013
1.27484445176 0.297404667526
1.27483285105 0.296973958166
1.27482899371 0.296553907473
1.27483228865 0.296144251679
1.27484218085 0.295744733545
1.27485814924 0.295355102195
1.27487970484 0.294975112963
1.27490638891 0.294604527239
1.2749377712 0.294243112316
1.27497344839 0.293890641246
1.2750130425 0.293546892698
1.27505619948 0.293211650817
1.27510258778 0.29288470509
1.27515189714 0.292565850216
1.27520383727 0.292254885971
1.27525813677 0.291951617087
1.27531454199 0.29165585313
1.27537281605 0.291367408376
1.27543273779 0.291086101699
1.27549410092 0.290811756455
1.27555671311 0.29054420037
1.27562039519 0.290283265435
1.27568498035 0.290028787797
1.27575031346 0.28978060766
1.27581625029 0.289538569181
1.27588265697 0.289302520373
1.27594940928 0.289072313011
1.27601639211 0.288847802539
1.27608349891 0.288628847976
1.27615063118 0.288415311832
1.27621769795 0.288207060019
1.27628461536 0.288003961766
1.2763513062 0.28780588954
1.27641769948 0.287612718962
1.27648373011 0.287424328732
1.27654933847 0.287240600553
1.27661447009 0.287061419053
1.27667907532 0.286886671717
1.27674310906 0.286716248814
1.2768065304 0.286550043328
1.27686930243 0.286387950892
1.27693139191 0.28622986972
1.27699276908 0.286075700547
1.27705340742 0.285925346563
1.27711328341 0.285778713356
1.27717237639 0.285635708847
1.27723066828 0.285496243239
1.2772881435 0.285360228954
1.27734478872 0.285227580584
1.27740059275 0.285098214832
1.27745554637 0.284972050466
1.27750964222 0.284849008261
1.2775628746 0.284729010953
1.27761523944 0.284611983192
1.27766673411 0.28449785149
1.27771735733 0.284386544179
1.27776710908 0.284277991365
1.27781599052 0.284172124883
1.27786400384 0.284068878255
1.27791115222 0.283968186648
1.27795743976 0.283869986833
1.27800287137 0.283774217146
1.27804745272 0.283680817451
1.27809119018 0.283589729096
1.27813409073 0.283500894884
1.27817616193 0.283414259033
1.27821741186 0.283329767139
1.27825784907 0.283247366147
1.27829748252 0.283167004313
1.27833632156 0.283088631176
1.27837437585 0.283012197521
1.27841165538 0.282937655352
1.27844817036 0.282864957861
1.27848393125 0.282794059399
1.27851894871 0.282724915444
1.27855323354 0.28265748258
1.27858679671 0.282591718461
1.27861964927 0.282527581792
1.2786518024 0.282465032299
1.27868326731 0.282404030704
1.27871405527 0.282344538701
1.2787441776 0.282286518934
1.2787736456 0.282229934968
1.27880247059 0.282174751273
1.27883066387 0.282120933197
1.27885823668 0.282068446944
1.27888520025 0.282017259557
1.27891156575 0.281967338892
1.27893734425 0.281918653603
1.2789625468 0.281871173117
1.2789871843 0.28182486762
1.27901126762 0.281779708035
1.27948264731 0.280897777663
1.27998391107 0.280032483119
1.28035853029 0.279105304369
1.28016306224 0.280086014437
1.2791843207 0.279880916877
1.28185019974 0.28627592521
1.28450324733 0.292508891776
1.28714223642 0.298580727101
1.2897664977 0.304496024443
1.29237540118 0.310259237727
1.29496835468 0.315874685922
1.29754480232 0.321346557279
1.30010422306 0.326678913427
1.30264612932 0.331875693345
1.3051700656 0.336940717206
1.30767560724 0.341877690095
1.31016235912 0.346690205611
1.31262995448 0.351381749354
1.31507805373 0.355955702298
1.31750634337 0.360415344059
1.31991453484 0.364763856059
1.32230236356 0.36900432459
1.32466958785 0.373139743775
1.32701598801 0.377173018439
1.32942070666 0.381074102654
1.33192196455 0.384830705676
1.33451618625 0.388448178534
1.33719992873 0.391931674077
1.33996987648 0.39528615431
1.34282283679 0.398516397465
1.3457557352 0.401627004807
1.3487656111 0.404622407187
1.35184961354 0.407506871355
1.35500499717 0.410284506037
1.35822911829 0.412959267788
1.36151943114 0.415534966625
1.36487348421 0.418015271459
1.36828891683 0.420403715318
1.37176345573 0.42270370038
1.37529491184 0.42491850282
1.37888117716 0.427051277475
1.38252022177 0.429105062339
1.38621009093 0.431082782891
1.38994890229 0.432987256262
1.39373484322 0.434821195246
1.39756616823 0.436587212166
1.40144119645 0.438287822595
1.4053583093 0.439925448939
1.40931594811 0.441502423885
1.41331261196 0.44302099373
1.41734685552 0.444483321574
1.42141728697 0.445891490405
1.42551711377 0.447247112493
1.42963471582 0.448551389041
1.43376875413 0.449806216756
1.43791794175 0.451013422468
1.44208104191 0.452174765707
1.44625686616 0.453291941179
1.45044427252 0.454366581155
1.45464216382 0.455400257771
1.45884948602 0.456394485241
1.46306522661 0.457350721991
1.46728841304 0.458270372713
1.47151811128 0.459154790347
1.47575342438 0.460005277982
1.47999349109 0.460823090696
1.4842374845 0.461609437322
1.48848461085 0.462365482154
1.49273410819 0.463092346584
1.4969852453 0.463791110683
1.50123732046 0.464462814725
1.50548966042 0.465108460649
1.50974161931 0.465729013475
1.51399257762 0.466325402661
1.51823530446 0.466900901533
1.52237538719 0.46748994265
1.52531100681 0.473696060498
1.52830582699 0.479892252189
1.53135921936 0.486078753436
1.534470564 0.492255797028
1.5376392493 0.49842361287
1.54086467184 0.504582428022
1.54414623633 0.510732466734
1.54748335546 0.516873950485
1.55087544981 0.523007098019
1.55432194778 0.529132125379
1.55782228542 0.535249245947
1.56137590639 0.541358670473
1.56498226183 0.547460607115
1.56864081029 0.55355526147
1.57235101759 0.55964283661
1.57611235678 0.565723533111
1.57992430799 0.571797549092
1.58378635838 0.577865080242
1.58769800202 0.583926319856
1.59165873984 0.589981458861
1.59566807948 0.596030685855
1.59972553527 0.602074187131
1.60383062808 0.608112146711
1.60798288527 0.614144746374
1.61218184063 0.620172165686
1.61642703422 0.626194582031
1.62071801237 0.632212170636
1.62505432754 0.638225104604
1.62942038758 0.644217957774
1.63379836988 0.650173084137
1.63818797898 0.6560909687
1.64258892398 0.661972089342
1.64700091852 0.667816916919
1.65142368069 0.673625915371
1.65585693299 0.679399541823
1.66030040221 0.685138246687
1.66475381943 0.690842473765
1.66921691991 0.696512660344
1.67368944305 0.702149237293
1.67817113232 0.707752629164
1.68266173519 0.71332325428
1.6871610031 0.71886152483
1.69166869135 0.724367846962
1.6961845591 0.729842620872
1.70070836928 0.735286240893
1.70523988851 0.740699095581
1.70977888711 0.746081567804
1.71432513898 0.751434034823
1.71887842158 0.756756868381
1.72343851588 0.76205043478
1.72800520628 0.767315094963
1.73257828059 0.772551204598
1.73715752995 0.777759114153
1.7417427488 0.782939168972
1.74633373482 0.788091709357
1.7509302889 0.793217070639
1.75553221506 0.798315583251
1.76013932042 0.803387572805
1.76475141518 0.808433360161
1.76936831251 0.813453261501
1.77398982857 0.818447588393
1.77861578242 0.823416647866
1.78324599601 0.828360742473
1.78788029412 0.833280170361
1.79251850429 0.838175225335
1.79716045684 0.843046196922
1.80180598479 0.847893370438
1.8064549238 0.852717027047
1.81110711219 0.857517443824
1.81576239083 0.862294893817
1.82042060317 0.867049646107
1.82508159513 0.871781965866
1.82974521513 0.876492114415
1.83436517871 0.881105671107
1.83893759898 0.885617673084
1.84346295691 0.890030270765
1.8479417288 0.894345569857
1.8523743863 0.898565632279
1.85676139643 0.902692477065
1.86110322166 0.906728081247
1.86540031993 0.91067438072
1.86965314467 0.914533271091
1.87386214491 0.918306608508
1.87802776522 0.921996210475
1.88215044586 0.925603856649
1.88623062271 0.92913128962
1.89026872742 0.932580215673
1.89426518735 0.935952305542
1.89822042566 0.939249195139
1.90213486136 0.942472486272
1.90600890932 0.945623747353
1.90984298031 0.948704514084
1.91363748105 0.951716290132
1.91739782182 0.954659771023
1.92119046731 0.957526150211
1.92501527445 0.960316920948
1.92887210554 0.963033545626
1.93276082816 0.965677456402
1.93668131504 0.968250055813
1.940633444 0.970752717381
1.94461709785 0.973186786204
1.94863216429 0.975553579531
1.95267853582 0.97785438733
1.95675610967 0.980090472844
1.9608647877 0.982263073136
1.96500447634 0.984373399616
1.96917508647 0.98642263857
1.97337653338 0.988411951664
1.97760873667 0.99034247645
1.98187162019 0.992215326855
1.98616511193 0.994031593658
1.99048914401 0.995792344965
1.99484365255 0.997498626668
1.99922857762 0.999151462895
2.00364386319 1.00075185646
2.00808945705 1.00230078927
2.01256531071 1.0037992228
2.01707137941 1.00524809846
2.021607622 1.00664833802
2.02617400088 1.00800084401
2.03077048198 1.00930650012
2.03539703466 1.01056617155
2.04005363168 1.01178070544
2.04474024913 1.01295093117
2.04945686637 1.01407766079
2.05420346599 1.0151616893
2.05898003377 1.01620379506
2.06378655858 1.01720474009
2.06862303238 1.01816527042
2.0734845831 1.0190971691
2.07834831864 1.0200529633
2.08321439698 1.02103203201
2.08808297178 1.0220337725
2.09295419259 1.02305759982
2.09782820488 1.02410294627
2.10270515022 1.02516926088
2.10758516638 1.02625600894
2.11246838745 1.02736267152
2.11735494392 1.02848874501
2.1222449628 1.02963374064
2.12713856774 1.03079718411
2.13203587913 1.0319786151
2.13693701414 1.03317758691
2.1418420869 1.03439366602
2.14675120851 1.03562643174
2.15166448718 1.03687547583
2.15658202831 1.03814040209
2.16150393454 1.03942082608
2.16643030588 1.04071637473
2.17136123974 1.04202668601
2.17629683105 1.04335140861
2.18123717228 1.04469020164
2.18618235357 1.04604273431
2.19113246277 1.04740868565
2.1960875855 1.04878774419
2.20104780524 1.05017960773
2.20601320337 1.05158398302
2.21098385923 1.05300058553
2.21595985022 1.0544291392
2.22094125181 1.05586937616
2.22592813761 1.05732103651
2.23092057946 1.0587838681
2.23591864742 1.06025762627
2.24092240987 1.06174207367
2.24593193356 1.06323698
2.25094728362 1.06474212186
2.25596852365 1.0662572825
2.26099571574 1.06778225164
2.26602892051 1.06931682529
2.2710681972 1.07086080556
2.27611360364 1.07241400049
2.28116519636 1.07397622385
2.28622303056 1.07554729501
2.29128716022 1.07712703875
2.2963576381 1.0787152851
2.30143451576 1.0803118692
2.30651784363 1.08191663116
2.31160767102 1.08352941588
2.31670404617 1.08515007294
2.32181671204 1.0867870425
2.32697136434 1.08846271983
2.33216864892 1.09017685992
2.33740921157 1.09192923273
2.34269369816 1.09371962283
2.34802275483 1.09554782909
2.3533970282 1.09741366438
2.35881716545 1.09931695521
2.36428381457 1.10125754151
2.3697976245 1.10323527628
2.37535924526 1.10525002534
2.38096932814 1.10730166708
2.38662852584 1.10939009214
2.39233749263 1.11151520322
2.3980968845 1.1136769148
2.4039073593 1.11587515292
2.40976957689 1.11810985492
2.41568419929 1.12038096926
2.42165189082 1.12268845528
2.42767331822 1.12503228298
2.43374915082 1.12741243284
2.43988006066 1.12982889563
2.44606672262 1.13228167218
2.45213074308 1.13469653531
2.45807121077 1.13707255938
2.46389076653 1.13941030487
2.46959199156 1.14171032624
2.47517740879 1.14397317199
2.48064948433 1.14619938463
2.48601062882 1.14838950065
2.49126319872 1.15054405056
2.49640949761 1.15266355883
2.50145177747 1.15474854396
2.50639223988 1.15679951844
2.51123303723 1.15881698877
2.51597627387 1.16080145551
2.52062400726 1.16275341321
2.52508215681 1.16466501697
2.52926986805 1.16652931471
2.53320241095 1.16834747709
2.53689421812 1.17012064583
2.54035893009 1.17184993436
2.54360943824 1.17353642857
2.5466579254 1.1751811875
2.54951590423 1.17678524395
2.55219425354 1.17834960518
2.55470325273 1.17987525352
2.55705261425 1.18136314699
2.5592515144 1.18281421989
2.56130862245 1.18422938342
2.56323212819 1.18560952622
2.56502976794 1.18695551494
2.56670884929 1.18826819478
2.56827627434 1.18954839003
2.56973856182 1.19079690458
2.57110186796 1.19201452242
2.5723720062 1.19320200815
2.57355446593 1.19436010744
2.57465443013 1.19548954751
2.57567679208 1.19659103758
2.57662617121 1.19766526933
2.57750692803 1.19871291731
2.57832317832 1.19973463938
2.57907880647 1.20073107713
2.57977747818 1.20170285625
2.58042265242 1.20265058698
2.58101759277 1.20357486444
2.58156537815 1.204476269
2.58206891292 1.20535536672
2.5825309365 1.2062127096
2.58295403242 1.20704883601
2.58334063692 1.20786427099
2.58369304703 1.20865952659
2.58401342827 1.20943510218
2.58430382187 1.21019148477
2.58456615169 1.21092914934
2.58480223065 1.21164855909
2.58501376688 1.21235016576
2.58520236957 1.21303440994
2.58536955439 1.21370172128
2.5855167487 1.21435251882
2.58564529649 1.21498721122
2.58575646299 1.21560619703
2.58585143905 1.21620986494
2.58593134529 1.21679859402
2.58599723605 1.21737275395
2.58605010306 1.21793270527
2.58609087897 1.21847879961
2.58612044064 1.21901137988
2.58613961229 1.2195307805
2.58614916846 1.22003732763
2.5861498368 1.22053133936
2.58614230073 1.22101312589
2.5861272019 1.22148298975
2.58610514262 1.22194122601
2.58607668802 1.22238812239
2.58604236823 1.22282395953
2.58600268032 1.22324901111
2.5859580902 1.22366354403
2.58590903443 1.2240678186
2.58585592186 1.22446208868
2.58579913524 1.22484660185
2.58573903274 1.22522159956
2.58567594933 1.22558731728
2.58561019815 1.22594398467
2.58554207176 1.22629182569
2.58547184335 1.22663105877
2.58539976788 1.22696189693
2.58532608309 1.22728454791
2.58525101058 1.22759921432
2.58517475673 1.22790609375
2.58509751356 1.2282053789
2.58501945967 1.22849725772
2.58494076094 1.22878191347
2.58486157135 1.22905952492
2.58478203368 1.22933026637
2.58470228018 1.22959430785
2.5846224332 1.22985181515
2.58454260577 1.23010294998
2.58446290224 1.23034787003
2.58438341872 1.2305867291
2.58430424365 1.23081967718
2.58422545824 1.23104686055
2.58414713694 1.23126842186
2.58406934785 1.23148450025
2.58399215312 1.23169523139
2.58391560933 1.23190074761
2.58383976783 1.23210117797
2.5837646751 1.23229664833
2.58369037304 1.23248728143
2.58361689927 1.23267319697
2.58354428744 1.2328545117
2.58347256745 1.23303133948
2.5834017657 1.23320379134
2.58333190536 1.23337197558
2.58326300657 1.23353599779
2.58319508664 1.23369596099
2.58312816024 1.23385196561
2.58306223961 1.23400410963
2.58299733469 1.23415248857
2.58293345335 1.2342971956
2.58287060144 1.23443832161
2.58280878305 1.23457595521
2.58274800055 1.23471018281
2.58268825476 1.23484108872
2.58262954508 1.23496875513
2.58257186956 1.2350932622
2.58251522505 1.23521468813
2.58245960725 1.23533310916
2.58240501085 1.23544859965
2.5823514296 1.23556123212
2.58229885636 1.2356710773
2.58224728322 1.23577820417
2.58219670157 1.23588267999
2.5821471021 1.23598457038
2.58209847497 1.2360839393
2.58205080977 1.23618084917
2.58200409563 1.23627536083
2.58195832126 1.23636753363
2.58191347499 1.23645742545
2.58186954481 1.23654509274
2.58182651843 1.23663059055
2.58178438331 1.23671397256
2.58174312668 1.23679529113
2.58170273561 1.23687459734
2.58166319699 1.23695194097
2.58162449762 1.23702737059
2.58158662417 1.23710093358
2.58154956328 1.23717267612
2.58151330151 1.23724264326
2.58147782541 1.23731087894
2.58144312153 1.23737742601
2.5814091764 1.23744232625
2.58137597662 1.23750562043
2.58134350882 1.23756734827
2.58131175967 1.23762754855
2.58128071594 1.23768625907
2.58125036448 1.23774351669
2.58122069222 1.23779935737
2.5811916862 1.23785381618
2.58116333359 1.2379069273
2.58113562166 1.2379587241
2.58110853782 1.23800923909
2.58108206963 1.238058504
2.58105620476 1.23810654976
2.58103093107 1.23815340654
2.58100623653 1.23819910377
2.5809821093 1.23824367014
2.58050537445 1.23912271729
2.58000437909 1.23998816726
2.57987257009 1.24097944239
2.58056125359 1.2402543803
2.57958962569 1.24001786556
2.57550663376 1.23389918035
2.57142354353 1.22793497919
2.56734130438 1.22212116979
2.56326078215 1.21645336702
2.55918280969 1.21092731881
2.55510818793 1.20553890202
2.55103768689 1.20028411854
2.54697204671 1.19515909144
2.54291197856 1.19016006123
2.5388581656 1.18528338233
2.5348112639 1.18052551953
2.53077190331 1.17588304461
2.52674068827 1.17135263309
2.52271819869 1.16693106105
2.51870499072 1.16261520204
2.5147015975 1.1584020241
2.51074857319 1.15442860225
2.5068528532 1.15070914345
2.50301360683 1.14723024748
2.49923001542 1.14397918936
2.49550127218 1.14094388582
2.491826582 1.13811286327
2.48820516133 1.13547522758
2.48463623795 1.13302063511
2.48111905083 1.1307392654
2.47765285 1.12862179506
2.47423689634 1.126659373
2.47087046145 1.12484359694
2.46755282749 1.12316649101
2.46428328703 1.12162048449
2.46106114289 1.12019839164
2.457885708 1.11889339245
2.45475630523 1.11769901444
2.45167226731 1.11660911526
2.44863293659 1.11561786628
2.445637665 1.11471973684
2.44268581384 1.11390947944
2.43977675367 1.11318211555
2.43691444093 1.11253292215
2.43415230118 1.11195735265
2.42916412254 1.11676839625
2.42417851171 1.12158200765
2.41919539424 1.12639811242
2.41421469783 1.13121663825
2.40923635231 1.13603751496
2.4042602895 1.14086067439
2.39928644323 1.14568605035
2.39431474923 1.15051357859
2.38934514511 1.15534319671
2.38437757027 1.1601748441
2.37941196588 1.16500846195
2.3744482748 1.16984399311
2.36948644158 1.17468138212
2.36452641234 1.17952057512
2.35956813478 1.18436151979
2.35461155811 1.18920416537
2.34965663303 1.19404846252
2.34470331164 1.19889436337
2.33975154746 1.20374182143
2.33480129534 1.20859079154
2.32985251143 1.21344122986
2.32490515317 1.21829309384
2.31995917922 1.22314634213
2.31501454946 1.22800093461
2.31007122491 1.23285683229
2.30512916773 1.23771399734
2.30018834116 1.24257239302
2.2952540272 1.24744227647
2.29033071426 1.25233257964
2.28541798907 1.25724292874
2.280515449 1.2621729599
2.27562270176 1.26712231891
2.27073936518 1.27209066097
2.26586506688 1.27707765043
2.26099944408 1.28208296057
2.2561421433 1.28710627333
2.25129282014 1.29214727915
2.24645113905 1.29720567668
2.24161677309 1.30228117263
2.2367894037 1.30737348149
2.23196872047 1.3124823254
2.22715442097 1.31760743389
2.22234621051 1.32274854371
2.21754380193 1.32790539868
2.21274691542 1.33307774944
2.20795527835 1.3382653533
2.20316862502 1.34346797408
2.19838669655 1.34868538195
2.19360924065 1.35391735321
2.18883601148 1.35916367019
2.18406676946 1.36442412105
2.17930128112 1.36969849965
2.17453931893 1.37498660542
2.16978066116 1.38028824317
2.16502509172 1.38560322297
2.16027240001 1.39093136004
2.15552238078 1.39627247456
2.1507954628 1.40158333144
2.1460928358 1.40686151591
2.14141444184 1.41210725232
2.13676022127 1.41732076299
2.13213011285 1.42250226816
2.12752405374 1.42765198608
2.12294197962 1.43277013301
2.11838382468 1.43785692325
2.11384952173 1.44291256917
2.10933900221 1.44793728125
2.10485219625 1.45293126809
2.10038903273 1.45789473643
2.09594943931 1.46282789122
2.09153334251 1.46773093557
2.08714066769 1.47260407085
2.08277133917 1.47744749666
2.07842528021 1.48226141089
2.07410241309 1.48704600972
2.0698137031 1.4917949925
2.06561629726 1.49647483391
2.06150819364 1.50108647102
2.05748743526 1.50563083005
2.05355210907 1.51010882646
2.04970034491 1.51452136498
2.04593031458 1.51886933969
2.04224023084 1.52315363415
2.0386283465 1.5273751214
2.0350929535 1.53153466412
2.03163238199 1.53563311464
2.02824499952 1.53967131506
2.02492921012 1.54365009732
2.02168345351 1.54757028328
2.01850620427 1.55143268481
2.01539597106 1.55523810387
2.01235129582 1.55898733259
2.00937075304 1.56268115336
2.00645294899 1.5663203389
2.00359652103 1.56990565238
2.00080013688 1.57343784745
1.99806249392 1.5769176684
1.99538249827 1.58034504044
1.99276058972 1.58371309733
1.995879474 1.58949582025
1.9990153362 1.59523103952
2.00216772872 1.60091936676
2.00533621135 1.60656140452
2.0085203512 1.61215774643
2.01171972258 1.61770897731
2.01493390686 1.62321567335
2.01816249239 1.6286784022
2.02140507436 1.63409772312
2.02466125473 1.6394741871
2.02793064212 1.644808337
2.03121285165 1.65010070766
2.03450750492 1.65535182602
2.03781422986 1.66056221127
2.04113266063 1.66573237492
2.04446243754 1.67086282096
2.04780320696 1.67595404594
2.05115462119 1.68100653913
2.05451633841 1.68602078257
2.05788802257 1.69099725125
2.06126934327 1.69593641314
2.06465997573 1.70083872936
2.06805960067 1.70570465426
2.07146790421 1.71053463552
2.07488457781 1.71532911426
2.07830931818 1.72008852514
2.08174238479 1.72481539973
2.08518857359 1.72952929677
2.08864770909 1.73423045824
2.09211961865 1.73891912225
2.09560413243 1.74359552309
2.09910108333 1.7482598913
2.10261030697 1.75291245372
2.10613164164 1.75755343355
2.10966492823 1.76218305041
2.11321001024 1.76680152043
2.11676673369 1.77140905625
2.12033494711 1.77600586711
2.12391450147 1.7805921589
2.12750525017 1.78516813421
2.13110704899 1.78973399239
2.13471975605 1.79428992959
2.13834323177 1.79883613884
2.14197733884 1.80337281004
2.14562194218 1.8079001301
2.1492769089 1.8124182829
2.15294210827 1.81692744938
2.15661741168 1.8214278076
2.16030269262 1.82591953277
2.16399782663 1.83040279728
2.16770269127 1.83487777078
2.1714171661 1.83934462019
2.17514113262 1.84380350977
2.17887447427 1.84825460116
2.18261707638 1.85269805339
2.18636882617 1.85713402296
2.19012961265 1.86156266389
2.19389932667 1.8659841277
2.19767786084 1.87039856352
2.20146510954 1.87480611807
2.20526096884 1.87920693574
2.20906533651 1.88360115861
2.21287811201 1.88798892649
2.21669919641 1.89237037696
2.2205284924 1.8967456454
2.22436590427 1.90111486502
2.22821133783 1.90547816691
2.23206470048 1.90983568007
2.23592590109 1.91418753145
2.23979485003 1.91853384594
2.24367145913 1.92287474646
2.24755710616 1.92720963562
2.25147108901 1.93152913775
2.25541312763 1.93583365327
2.25938294728 1.9401235759
2.26338027849 1.94439929282
2.26740485694 1.94866118479
2.27145642339 1.95290962624
2.27553472355 1.95714498538
2.27963950807 1.96136762433
2.28377053239 1.9655778992
2.28792755666 1.96977616022
2.29211034572 1.97396275183
2.29631866895 1.97813801277
2.30055230023 1.9823022762
2.30481101785 1.98645586981
2.30909460444 1.99059911587
2.31340284689 1.99473233136
2.31773553629 1.99885582806
2.32209246784 2.00296991261
2.32647344079 2.00707488667
2.33087825837 2.01117104691
2.33530672772 2.01525868519
2.33975865982 2.01933808858
2.34423386943 2.02340953948
2.34873217504 2.02747331569
2.35325339876 2.03152969047
2.35779736631 2.03557893267
2.36236390692 2.03962130675
2.36695285332 2.04365707291
2.3715640416 2.04768648711
2.37619731124 2.0517098012
2.38085250498 2.05572726295
2.38552946881 2.05973911614
2.39022805191 2.06374560062
2.39494810657 2.06774695241
2.39968948817 2.07174340371
2.40445205509 2.07573518303
2.40923566869 2.0797225152
2.41404019326 2.08370562149
2.41886549595 2.08768471961
2.42371144671 2.09166002383
2.4285779183 2.09563174501
2.43346478619 2.09960009064
2.43837192852 2.10356526497
2.44329922607 2.10752746898
2.44813997377 2.11152500752
2.45284510416 2.11557458983
2.45742011536 2.11967296871
2.46187027084 2.12381704105
2.46620060943 2.12800384154
2.47041595503 2.13223053682
2.47452092576 2.13649441969
2.47851994287 2.14079290376
2.48241723913 2.14512351819
2.48621686695 2.14948390273
2.48992270611 2.15387180292
2.49353847116 2.15828506558
2.49706771854 2.16272163437
2.50051385334 2.16717954568
2.50388013577 2.17165692457
2.50716968746 2.17615198098
2.51038549731 2.18066300604
2.51353042724 2.18518836859
2.51660721762 2.1897265118
2.51961849251 2.19427594994
2.52256676461 2.19883526538
2.52545444005 2.20340310555
2.52828382299 2.20797818021
2.53105711996 2.2125592587
2.53377644405 2.21714516737
2.53644381893 2.22173478714
2.5390611827 2.22632705112
2.54163039151 2.23092094234
2.54415322313 2.2355154916
2.54663138026 2.24010977539
2.5490664938 2.24470291392
2.55146012588 2.24929406923
2.55381377283 2.25388244334
2.55612886802 2.25846727656
2.55840678452 2.26304784579
2.5606488377 2.26762346297
2.56285628772 2.2721934735
2.56503034186 2.27675725485
2.56717215683 2.28131421511
2.56928284089 2.2858637917
2.57136345597 2.29040545006
2.57341501961 2.29493868244
2.57543850689 2.29946300674
2.57743485226 2.30397796539
2.57940495123 2.30848312425
2.58134966209 2.31297807164
2.58326980748 2.3174624173
2.5851661759 2.32193579151
2.5870395232 2.32639784412
2.58889057397 2.33084824378
2.59072002287 2.33528667704
2.5925285359 2.3397128476
2.59431675164 2.34412647555
2.59604448425 2.348551718
2.59771111184 2.35298902138
2.59931887451 2.35743711821
2.60086992987 2.36189479159
2.60236635604 2.36636087331
2.60381015464 2.37083424205
2.60520325352 2.37531382163
2.60654750957 2.37979857935
2.60784471126 2.38428752431
2.60909658123 2.38877970594
2.61030477866 2.3932742124
2.61147090164 2.39777016922
2.6125964894 2.40226673784
2.6136830245 2.40676311432
2.61473193492 2.41125852799
2.61574459603 2.41575224028
2.6167223326 2.42024354345
2.6176664206 2.42473175947
2.61857808901 2.42921623891
2.61945852161 2.43369635986
2.62030885856 2.4381715269
2.62113019805 2.44264117011
2.62185946988 2.44703022885
2.62247709931 2.45131067254
2.62299086319 2.45548518907
2.62340807726 2.45955639978
2.62373562203 2.46352686117
2.62397996713 2.46739906644
2.62414719437 2.47117544714
2.62424301955 2.47485837459
2.62427281305 2.47845016148
2.62424161933 2.48195306323
2.62415417529 2.48536927946
2.62401492771 2.48870095537
2.62382804968 2.49195018304
2.62359745613 2.49511900282
2.62332681853 2.49820940453
2.62301957876 2.50122332878
2.62267896223 2.50416266812
2.62230799026 2.5070292683
2.62190949179 2.50982492937
2.62148611445 2.51255140686
2.62104033502 2.51521041282
2.62057446926 2.51780361697
2.62009068127 2.52033264768
2.61959099231 2.52279909304
2.61907728907 2.52520450184
2.61855133157 2.52755038454
2.61801476057 2.5298382142
2.61746910458 2.53206942746
2.61691578646 2.5342454254
2.61635612967 2.53636757441
2.61579136421 2.53843720708
2.61522263211 2.54045562301
2.61465099276 2.54242408967
2.61407742782 2.54434384313
2.61350284595 2.54621608888
2.61292808717 2.5480420026
2.61235392707 2.54982273084
2.61178108074 2.5515593918
2.61121020645 2.55325307601
2.61064190919 2.554904847
2.61007674396 2.55651574198
2.60951521886 2.55808677252
2.60895779806 2.55961892512
2.60840490454 2.56111316188
2.60785692271 2.56257042111
2.60731420088 2.56399161787
2.60677705357 2.5653776446
2.60624576369 2.56672937164
2.6057205846 2.5680476478
2.60520174206 2.56933330088
2.60468943605 2.57058713819
2.60418384246 2.57180994707
2.60368511478 2.57300249538
2.60319338554 2.57416553197
2.60270876783 2.57529978715
2.60223135657 2.57640597318
2.60176122984 2.57748478468
2.60129845003 2.57853689907
2.600843065 2.57956297702
2.60039510913 2.58056366286
2.5999546043 2.58153958495
2.5995215608 2.58249135612
2.59909597827 2.58341957402
2.59867784648 2.58432482153
2.5982671461 2.58520766708
2.59786384944 2.58606866505
2.59746792113 2.5869083561
2.59707931875 2.5877272675
2.59669799343 2.5885259135
2.59632389044 2.58930479558
2.59595694965 2.59006440284
2.5955971061 2.59080521227
2.59524429041 2.59152768906
2.5948984292 2.59223228688
2.59455944557 2.59291944818
2.59422725938 2.59358960445
2.59390178766 2.59424317652
2.59358294494 2.59488057479
2.59327064354 2.59550219951
2.59296479383 2.59610844102
2.59266530457 2.59669968001
2.59237208308 2.59727628775
2.59208503552 2.5978386263
2.5918040671 2.59838704879
2.59152908224 2.59892189959
2.59125998481 2.59944351456
2.59099667828 2.59995222124
2.59073906585 2.60044833908
2.59048705065 2.6009321796
2.59024053584 2.60140404662
2.58999942472 2.60186423646
2.58976362092 2.60231303809
2.5895330284 2.60275073333
2.58930755165 2.60317759702
2.58908709571 2.60359389721
2.58887156627 2.60399989531
2.58866086976 2.60439584627
2.58845491342 2.60478199873
2.58825360531 2.60515859515
2.58805685445 2.60552587203
2.58786457079 2.60588405999
2.58767666531 2.60623338396
2.58749305003 2.60657406328
2.58731363806 2.6069063119
2.58713834363 2.60723033843
2.5869670821 2.60754634634
2.58679977003 2.60785453409
2.58663632513 2.60815509518
2.58647666636 2.60844821835
2.58632071386 2.60873408767
2.58616838904 2.60901288265
2.58601961453 2.60928477835
2.58587431421 2.60954994551
2.58573241323 2.60980855064
2.58559383798 2.61006075612
2.58545851612 2.61030672034
2.58532637656 2.61054659773
2.58519734948 2.61078053893
2.58507136627 2.61100869084
2.58494835962 2.61123119673
2.58482826341 2.61144819632
2.58471101279 2.61165982586
2.58459654409 2.61186621826
2.5844847949 2.61206750311
2.58437570397 2.61226380681
2.58426921126 2.61245525263
2.58416525791 2.61264196078
2.58406378623 2.61282404851
2.58396473965 2.61300163016
2.58386806279 2.61317481723
2.58377370135 2.61334371848
2.58368160215 2.61350843997
2.58359171313 2.61366908513
2.58350398329 2.61382575485
2.58341836268 2.61397854749
2.58333480242 2.61412755901
2.58325325466 2.61427288297
2.58317367256 2.61441461064
2.58309601028 2.614552831
2.58302022297 2.61468763086
2.58294626674 2.61481909485
2.58287409867 2.61494730554
2.58280367674 2.61507234342
2.58273495988 2.61519428702
2.58266790791 2.61531321291
2.58260248154 2.61542919577
2.58253864234 2.61554230842
2.58247635276 2.61565262191
2.58241557605 2.61576020549
2.58235627632 2.61586512672
2.58229841846 2.61596745149
2.58224196816 2.61606724405
2.58218689188 2.61616456707
2.58213315686 2.61625948166
2.58208073106 2.61635204742
2.58202958319 2.61644232248
2.58197968266 2.61653036351
2.58193099959 2.61661622582
2.58188350479 2.61669996331
2.58183716973 2.61678162857
2.58179196655 2.61686127288
2.58174786802 2.61693894625
2.58170484757 2.61701469745
2.58166287922 2.61708857406
2.58162193761 2.61716062245
2.58158199795 2.61723088789
2.58154303607 2.61729941448
2.58150502832 2.61736624525
2.58146795163 2.61743142219
2.58143178348 2.6174949862
2.58139650186 2.61755697721
2.58136208529 2.61761743414
2.5813285128 2.61767639495
2.58129576389 2.61773389668
2.58126381859 2.61778997543
2.58123265737 2.6178446664
2.58120226116 2.61789800395
2.58117261138 2.61795002157
2.58114368985 2.61800075193
2.58111547885 2.61805022686
2.58108796107 2.61809847746
2.58106111962 2.618145534
2.58103493801 2.61819142605
2.58100940015 2.61823618242
2.58098449034 2.61827983122
2.58048877937 2.61914831878
2.5799908363 2.6200155285
2.58051116399 2.61916156181
2.57996522869 2.61999938915
