3.58646490479 0.54862121582
3.58540887451 0.548442260742
3.58320019531 0.547940795898
3.57758770752 0.547676025391
3.57162268066 0.546162475586
3.56410760498 0.546235961914
3.55741784668 0.544696533203
3.54903094482 0.544193359375
3.54061303711 0.544282714844
3.5336729126 0.541881835937
3.52657110596 0.542428955078
3.51923815918 0.541495239258
3.51148193359 0.541064819336
3.49865673828 0.543864013672
3.49071533203 0.542732666016
3.48355560303 0.542193603516
3.47638354492 0.541272705078
3.46860656738 0.540538085937
3.46192694092 0.539939941406
3.4542142334 0.538444458008
3.44725268555 0.538341918945
3.4400614624 0.536976196289
3.43260339355 0.536271606445
3.42509906006 0.53578527832
3.41777996826 0.53348425293
3.41018249512 0.53337487793
3.40315509033 0.531348876953
3.39586090088 0.530091308594
3.38827484131 0.528943481445
3.38107818604 0.527240478516
3.37334222412 0.526484741211
3.36660754395 0.524685302734
3.35972296143 0.523647460937
3.35250036621 0.522161376953
3.34655627441 0.520962036133
3.33906750488 0.519227294922
3.33296466064 0.51846472168
3.32583654785 0.516086303711
3.31915148926 0.51572644043
3.31304119873 0.513591796875
3.30556091309 0.512688110352
3.29906890869 0.510910766602
3.29230786133 0.509036010742
3.28539648438 0.507797973633
3.27917797852 0.505469116211
3.27187554932 0.50450012207
3.26566705322 0.502059692383
3.25844592285 0.501395996094
3.25237457275 0.499029052734
3.24541436768 0.498114624023
3.23928363037 0.495832397461
3.23261639404 0.494596191406
3.22640472412 0.492387451172
3.22004992676 0.491270263672
3.21372253418 0.489301879883
3.2075581665 0.48804309082
3.20119232178 0.486001464844
3.19527056885 0.484731811523
3.18838983154 0.482790893555
3.18322711182 0.481536254883
3.17598303223 0.479516235352
3.17073101807 0.477993041992
3.1638550415 0.476091552734
3.15875769043 0.474731323242
3.15191125488 0.472759521484
3.14674066162 0.471410766602
3.14026104736 0.469568603516
3.13515081787 0.468315551758
3.12867260742 0.466399536133
3.12370941162 0.465054077148
3.11751837158 0.46333972168
3.11230871582 0.461890136719
3.10652746582 0.460353271484
3.10107836914 0.458941162109
3.09557580566 0.457510253906
3.08953540039 0.455753662109
3.08521228027 0.454085083008
3.07905853271 0.452460449219
3.07482220459 0.450590454102
3.06803900146 0.449131591797
3.06374237061 0.447666870117
3.05714672852 0.445522338867
3.05220153809 0.445090698242
3.04536126709 0.443381835937
3.0408182373 0.442231323242
3.03399395752 0.440336303711
3.0290423584 0.439099731445
3.02237963867 0.437242797852
3.01712115479 0.436051879883
3.01064758301 0.433828979492
3.00502514648 0.43288293457
2.99855877686 0.430821777344
2.99248687744 0.430058105469
2.98624047852 0.428237915039
2.98005609131 0.427568725586
2.97384344482 0.425891723633
2.96765979004 0.425138305664
2.96124237061 0.423596557617
2.95512921143 0.422738769531
2.9487588501 0.421563476563
2.94249822998 0.420411010742
2.93624884033 0.41927331543
2.93032818604 0.418198364258
2.9240838623 0.417311645508
2.9176036377 0.415927246094
2.91168371582 0.415049316406
2.9050479126 0.413782592773
2.89914724731 0.413038696289
2.89224212646 0.411765991211
2.88663330078 0.410870849609
2.8791541748 0.409831665039
2.87403460693 0.408960205078
2.86667819214 0.40778137207
2.86121240234 0.407154785156
2.85375430298 0.405493408203
2.84781228638 0.405233764648
2.8407354126 0.403235595703
2.83412142944 0.403283935547
2.82715270996 0.401071777344
2.82002236938 0.400785644531
2.81325915527 0.398829101563
2.80612011719 0.397959716797
2.79874789429 0.396408081055
2.79228085327 0.394891479492
2.78458148193 0.393726196289
2.77832455444 0.391909423828
2.77066107178 0.390663452148
2.76462164307 0.389197753906
2.75762481689 0.387542724609
2.75126766968 0.386234619141
2.74525857544 0.384584838867
2.73869213867 0.383299926758
2.73324533081 0.381711669922
2.72670413208 0.380383911133
2.7212902832 0.378713623047
2.71501495361 0.377573974609
2.70991067505 0.375264526367
2.7042701416 0.374471923828
2.69946609497 0.372348266602
2.69419790649 0.371448242188
2.68995080566 0.369717529297
2.68494207764 0.368124633789
2.68080654907 0.367653442383
2.67710391235 0.366315429687
2.67289901733 0.364939697266
2.66940713501 0.364254272461
2.66658300781 0.363106079102
2.66273703003 0.362190551758
2.65945321655 0.361087524414
2.65713723755 0.360131958008
2.65445739746 0.359391723633
2.65180548096 0.358784545898
2.64922128296 0.358060913086
2.64712347412 0.357049682617
2.64478933716 0.35605090332
2.64269821167 0.355646362305
2.64084280396 0.355008789062
2.63889343262 0.354708496094
2.63725848389 0.354018432617
2.63555752563 0.353518920898
2.63379943848 0.352834838867
2.63209805298 0.352299804687
2.6302951355 0.351821533203
2.62972683716 0.350484741211
2.62775308228 0.350618896484
2.62672219849 0.350189453125
2.6252532959 0.349869384766
2.62419439697 0.349602172852
2.6229152832 0.349328857422
2.62160873413 0.349208496094
2.62059906006 0.348835693359
2.61980978394 0.348415405273
2.61894552612 0.348106811523
2.61833370972 0.347600097656
2.61703744507 0.347550415039
2.61620431519 0.347130004883
2.61501486206 0.347055786133
2.61416824341 0.346770385742
2.61320330811 0.346598266602
2.61259173584 0.346335083008
2.61250689697 0.345535888672
2.61135348511 0.345922241211
2.61076263428 0.345535888672
2.60996240234 0.345327636719
2.60951287842 0.345096435547
2.60888186646 0.34492956543
2.60823605347 0.344768554687
2.60740048218 0.34460559082
2.60677203369 0.344292114258
2.60611437988 0.344164550781
2.60565109253 0.343903076172
2.60517913818 0.343884033203
2.60481091309 0.3436484375
2.60430773926 0.343498291016
2.60406280518 0.343229370117
2.60358648682 0.34313293457
2.603125 0.342972045898
2.60299639893 0.342535644531
2.60210305786 0.342734985352
2.60163418579 0.342526000977
2.60101657104 0.342442749023
2.60061706543 0.342249389648
2.60012973022 0.342168334961
2.59955636597 0.342043457031
2.59920385742 0.341918823242
2.59878353882 0.341749145508
2.59848519897 0.341636230469
2.59834494019 0.341478027344
2.59799313354 0.341420166016
2.5977416687 0.341300048828
2.59737545776 0.341224975586
2.59719497681 0.341118164063
2.59684115601 0.340978515625
2.59655651855 0.340887573242
2.59651293945 0.340516723633
2.59585726929 0.3407265625
2.59551379395 0.340471191406
2.59504345703 0.340447998047
2.59478591919 0.340278930664
2.59443817139 0.340222045898
2.59401983643 0.340077636719
2.59356536865 0.340009643555
2.59319146729 0.339853881836
2.59287277222 0.339780273437
2.59266183472 0.339640014648
2.59238287354 0.339608154297
2.59212957764 0.339488525391
2.59196121216 0.339435913086
2.59178762817 0.339254882812
2.59144290161 0.33918347168
2.59119335938 0.339071777344
2.59136791992 0.338760498047
2.59075836182 0.338924316406
2.59048803711 0.338701904297
2.59022805786 0.338614135742
2.58998681641 0.338486450195
2.58973638916 0.338375976562
2.58940753174 0.338286743164
2.58911779785 0.338200683594
2.58894644165 0.338095458984
2.58865615845 0.337961547852
2.5883963623 0.337798095703
2.58808959961 0.337812133789
2.587777771 0.337680541992
2.58745443726 0.337577026367
2.58726184082 0.337479858398
2.58701660156 0.337381347656
2.58678045654 0.337276367187
2.58709671021 0.336950683594
2.58652487183 0.337257446289
2.58641287231 0.337015991211
2.5862817688 0.33692565918
2.58613253784 0.336786132812
2.58597729492 0.336665161133
2.58575726318 0.336581054687
2.5859468689 0.336272949219
2.58546939087 0.336384887695
2.58520294189 0.336190551758
2.58505783081 0.336002197266
2.58475720215 0.335950683594
2.58454870605 0.335760742187
2.58426254272 0.335589355469
2.58407315063 0.335529785156
2.58385775757 0.335328613281
2.58360025024 0.335189208984
2.58334985352 0.335054321289
2.58307946777 0.334921264648
2.58284594727 0.334760620117
2.58264334106 0.334640380859
2.58236013794 0.334482421875
2.58210864258 0.334345092773
2.58178063965 0.334181030273
2.58186773682 0.33388269043
2.58137973022 0.334030761719
2.58123101807 0.333835083008
2.58108071899 0.333657348633
2.58088983154 0.333566162109
2.58070321655 0.333400268555
2.58056747437 0.333307861328
2.58045455933 0.333228149414
2.58027322388 0.333067382812
2.57997595215 0.332850463867
2.57951495361 0.332540527344
2.57894168091 0.332181884766
2.58072079468 0.290849365234
2.580628479 0.290938354492
2.57856570435 0.292318237305
2.57431021118 0.296176757812
2.57016342163 0.29935546875
2.5641618042 0.304395263672
2.55968289185 0.307978515625
2.55316046143 0.312626098633
2.54864007568 0.316921875
2.5420333252 0.320901367188
2.53736798096 0.325837524414
2.53118255615 0.32929284668
2.52607565308 0.333717163086
2.52009378052 0.337825683594
2.51512197876 0.341410766602
2.50889730835 0.345759277344
2.50433694458 0.348887451172
2.49793643188 0.353244873047
2.49353555298 0.356302490234
2.48706832886 0.3602109375
2.48286428833 0.363641967773
2.47628179932 0.36713269043
2.47214642334 0.370938598633
2.46584973145 0.373889160156
2.46121392822 0.378019775391
2.45522756958 0.380622680664
2.44998294067 0.38498815918
2.44417486572 0.38743762207
2.43856695557 0.391219116211
2.43312469482 0.393671264648
2.42720959473 0.396956298828
2.42239834595 0.3998984375
2.41613931274 0.402779174805
2.41144158936 0.406228759766
2.40512475586 0.408693969727
2.39994046021 0.412555908203
2.39420578003 0.414802246094
2.38858972168 0.418099121094
2.38325457764 0.420476928711
2.37701486206 0.423055419922
2.37196020508 0.426209228516
2.36577700806 0.42822644043
2.36000537109 0.431322631836
2.35434375 0.43330480957
2.3480836792 0.435827636719
2.34273431396 0.438256469727
2.33644433594 0.439953613281
2.33078610229 0.442941772461
2.32469790649 0.444408325195
2.31859576416 0.446803710938
2.31262390137 0.44852746582
2.30630044556 0.450215454102
2.30032318115 0.452434814453
2.29390664673 0.453787109375
2.28768551636 0.455710571289
2.28090142822 0.457166992188
2.27533001709 0.458564331055
2.26823983765 0.460089599609
2.26311746216 0.461257080078
2.2560942688 0.462553222656
2.25042022705 0.463812255859
2.24319726563 0.464853759766
2.23742697144 0.46630456543
2.230659729 0.466915527344
2.2244216156 0.468525512695
2.21802737427 0.468898681641
2.21139208984 0.470506103516
2.2053440094 0.470723022461
2.19833505249 0.472375244141
2.1922628479 0.472592773437
2.18510179138 0.474193847656
2.17925506592 0.474215820312
2.17211152649 0.475685913086
2.16653967285 0.475638305664
2.15944351196 0.477030639648
2.15401074219 0.477088134766
2.14698243713 0.478518920898
2.14165497589 0.478544189453
2.13460935211 0.480012207031
2.12921739197 0.480203735352
2.12213539124 0.481682373047
2.11670296478 0.481965332031
2.10960009766 0.483357299805
2.10449124146 0.483613037109
2.09751226807 0.484899169922
2.09240237427 0.485295288086
2.08534442139 0.486507324219
2.08031996155 0.48695300293
2.07320174408 0.488166625977
2.06850131989 0.488756591797
2.06141671753 0.489795654297
2.05648979187 0.490501831055
2.04953530121 0.491427856445
2.04468035889 0.492081176758
2.03786786652 0.492984130859
2.03272583008 0.49366784668
2.02593569183 0.494768432617
2.02040480042 0.495324462891
2.01372659302 0.496541015625
2.00791656113 0.49676574707
2.00138937378 0.497778564453
1.99528113937 0.498154541016
1.98881445313 0.498998535156
1.98236986923 0.499231689453
1.97620801163 0.500022949219
1.96937741852 0.500345458984
1.96344007111 0.501086914062
1.95670532227 0.501294189453
1.95094783401 0.502030395508
1.94448816299 0.502297973633
1.93868445587 0.502878662109
1.93202328873 0.503270629883
1.92636584473 0.503681762695
1.91954376602 0.504357177734
1.91395742035 0.504807739258
1.90714705658 0.505528686523
1.9011678772 0.505778686523
1.89428144836 0.506612792969
1.88824909592 0.506688842773
1.8813371048 0.507338256836
1.87498624802 0.507551025391
1.86821723175 0.507903686523
1.8619537735 0.508215942383
1.85550489044 0.50837097168
1.84870802307 0.508610473633
1.84257117462 0.508630493164
1.83561065674 0.508879272461
1.82964591217 0.508809082031
1.82251496124 0.509082275391
1.81671126938 0.508883178711
1.80939823914 0.509167602539
1.8042242012 0.509035888672
1.79668432617 0.50904675293
1.79149134827 0.509134521484
1.78406782913 0.50894152832
1.77870465088 0.509262329102
1.77126203156 0.50886706543
1.76570336914 0.509466064453
1.75877333069 0.508833984375
1.75293585968 0.50958581543
1.74638359833 0.508988769531
1.73966887665 0.509349853516
1.73405135345 0.508779296875
1.72705560303 0.508864990234
1.72125450897 0.508547607422
1.71392271423 0.508254272461
1.70863375854 0.508501831055
1.70155410004 0.507994628906
1.69591345215 0.508120483398
1.68912440491 0.5074609375
1.6829016571 0.507294555664
1.67714253235 0.506640625
1.67026717377 0.506083129883
1.66510137177 0.505722045898
1.65826284027 0.50501171875
1.6529094696 0.504284545898
1.64646139526 0.503773071289
1.6409910965 0.502859863281
1.63461435699 0.502389892578
1.62899718475 0.501014770508
1.62282378387 0.500676147461
1.61704296112 0.49937890625
1.61078543854 0.498598510742
1.60536663055 0.497437011719
1.59920459747 0.495923583984
1.59436119843 0.495097167969
1.5876621933 0.49321484375
1.58241727448 0.492720214844
1.57603171539 0.490970092773
1.57035953522 0.490124267578
1.56431650543 0.488387817383
1.5581714859 0.48713684082
1.55266376495 0.485519165039
1.54596929169 0.48382800293
1.54065924835 0.482440063477
1.53398587799 0.480498901367
1.52875775909 0.479075683594
1.5220619278 0.477151245117
1.51691178131 0.475694824219
1.51065762329 0.473964477539
1.50510739136 0.472112060547
1.49849475098 0.470358154297
1.49328338623 0.468646972656
1.48647659302 0.466763183594
1.48128729248 0.464943969727
1.47462557983 0.462793823242
1.46899359131 0.460976318359
1.46269644165 0.458315063477
1.45656561279 0.456490478516
1.45035473633 0.45375402832
1.44426721191 0.452135009766
1.43764627075 0.44893371582
1.43150045776 0.447732543945
1.42547558594 0.444560424805
1.41888034058 0.443186889648
1.41321548462 0.440152587891
1.4067381897 0.438730102539
1.40109216309 0.43576574707
1.39524301147 0.434480102539
1.39015286255 0.431798583984
1.38414697266 0.430341552734
1.37904873657 0.427795288086
1.3729859314 0.426288696289
1.36825247192 0.423971801758
1.3623888855 0.421881103516
1.35786465454 0.420196533203
1.35250476074 0.417983398437
1.34809173584 0.416690307617
1.34389102173 0.414971557617
1.33891949463 0.412987304687
1.33542807007 0.411921630859
1.33146798706 0.41052734375
1.32756484985 0.409205566406
1.3242477417 0.40775390625
1.3212338562 0.406838256836
1.31805194092 0.405952758789
1.31490460205 0.404691894531
1.31251947021 0.403455444336
1.30983773804 0.402674682617
1.3071394043 0.402094848633
1.30501602173 0.401260498047
1.30300091553 0.400408081055
1.30085546875 0.399534912109
1.29854156494 0.398704345703
1.29630599976 0.398001708984
1.29487875366 0.397326416016
1.29334716797 0.396801391602
1.29178012085 0.396324707031
1.290125 0.395867431641
1.28830343628 0.395415039062
1.28675317383 0.394864013672
1.2856282959 0.394322021484
1.2843196106 0.393730224609
1.28321472168 0.393375
1.28174557495 0.392757202148
1.2803616333 0.392338745117
1.27900933838 0.391876098633
1.2781288147 0.391474121094
1.27717120361 0.390973510742
1.27626217651 0.390589599609
1.27522900391 0.390148193359
1.27423071289 0.389818969727
1.27320217896 0.389627197266
1.27207427979 0.389326904297
1.2712166748 0.389032348633
1.27056253052 0.3887734375
1.26987677002 0.388446777344
1.26921975708 0.388212280273
1.26843951416 0.387961547852
1.26771166992 0.387788330078
1.26677603149 0.387431762695
1.26595553589 0.387234375
1.26512698364 0.387052246094
1.26444812012 0.386861938477
1.26393856812 0.386590942383
1.26345599365 0.38640246582
1.26287979126 0.386190917969
1.26225820923 0.386009521484
1.26155239868 0.385871337891
1.26116436768 0.385534790039
1.26032516479 0.385331420898
1.259690979 0.385085449219
1.25912750244 0.384796142578
1.25841946411 0.384574829102
1.2579364624 0.384382080078
1.25757913208 0.384201904297
1.25717892456 0.383959838867
1.25671908569 0.383743774414
1.25621578979 0.383509521484
1.25577148438 0.383283935547
1.25519226074 0.382961547852
1.25464642334 0.382761474609
1.25403823853 0.382474243164
1.25340393066 0.382241455078
1.25279083252 0.381932250977
1.25195883179 0.38182409668
1.25165289307 0.381433349609
1.25129718018 0.381270141602
1.25094543457 0.381010009766
1.25059750366 0.380833862305
1.25023883057 0.380564208984
1.24979122925 0.380306274414
1.24939733887 0.380034179687
1.24887588501 0.379791992187
1.24839468384 0.379541870117
1.24789938354 0.379278320312
1.24735202026 0.379042236328
1.24685736084 0.378816772461
1.24635516357 0.378561889648
1.24591665649 0.378336791992
1.24563308716 0.378174194336
1.24533984375 0.377981201172
1.24500256348 0.377735595703
1.2447427063 0.377541503906
1.24435836792 0.377265869141
1.24395562744 0.377036621094
1.24359667969 0.376798583984
1.24319049072 0.376669311523
1.2427076416 0.376294189453
1.24232739258 0.376089355469
1.24183779907 0.375809814453
1.24137637329 0.375550415039
1.24090982056 0.375270141602
1.24048986816 0.375063232422
1.24023919678 0.374808837891
1.24001025391 0.374604858398
1.23972198486 0.374341064453
1.23944021606 0.37409777832
1.23923239136 0.373927001953
1.2388742981 0.373726074219
1.23854846191 0.373456787109
1.23822644043 0.373220336914
1.23790643311 0.372944946289
1.23750900269 0.372650024414
1.23711920166 0.372406494141
1.2367260437 0.372132446289
1.23633969116 0.371863525391
1.23593136597 0.371647827148
1.23560595703 0.371309692383
1.23529818726 0.370987304687
1.2350496521 0.370747070312
1.23488656616 0.370539794922
1.2346579895 0.370250732422
1.2344095459 0.370011108398
1.2341763916 0.369705444336
1.23392608643 0.369452514648
1.23365722656 0.369161743164
1.23333105469 0.368838623047
1.23306677246 0.368572509766
1.23270126343 0.368243286133
1.23232189941 0.367902832031
1.23197927856 0.367618408203
1.23161895752 0.367273193359
1.23124575806 0.366951782227
1.23094113159 0.366645019531
1.23066583252 0.366397460938
1.23048953247 0.366134033203
1.23028903198 0.365968261719
1.23013864136 0.365667480469
1.22992486572 0.36541784668
1.22977932739 0.365114868164
1.22951757813 0.364857299805
1.22929742432 0.36458996582
1.22899627686 0.364314697266
1.22885006714 0.363952392578
1.2285015564 0.363711791992
1.22820248413 0.363375
1.22787756348 0.363068237305
1.22755963135 0.362767089844
1.22731509399 0.362481079102
1.22693743896 0.362096679688
1.22660095215 0.361778076172
1.22626721191 0.361307373047
1.22587033081 0.360784301758
1.22550704956 0.360189819336
1.20140316772 0.308100463867
1.20154486084 0.308002441406
1.20191738892 0.308851318359
1.2033538208 0.312322143555
1.20600698853 0.317292236328
1.20868029785 0.322316894531
1.21153610229 0.328354980469
1.21439575195 0.333621337891
1.21728329468 0.339771118164
1.2201546936 0.344783203125
1.2227718811 0.350708740234
1.22566943359 0.355568969727
1.2277590332 0.361084960937
1.23086734009 0.365537841797
1.23316204834 0.370921020508
1.23556878662 0.375062988281
1.23819775391 0.380522338867
1.2403270874 0.384093994141
1.24305596924 0.38919152832
1.24527416992 0.393342773437
1.24746731567 0.397341796875
1.25004220581 0.402038330078
1.25208154297 0.405621337891
1.25427459717 0.409978759766
1.25686413574 0.413690429687
1.25907278442 0.417645507812
1.26067431641 0.421661865234
1.26295846558 0.424978881836
1.26535272217 0.42944128418
1.2673125 0.432514770508
1.26920175171 0.436432128906
1.27140994263 0.440003295898
1.27375039673 0.443704101563
1.27602859497 0.44773815918
1.27779321289 0.45085949707
1.27999603271 0.455052978516
1.28231710815 0.457916503906
1.28506158447 0.461809082031
1.2873104248 0.464986572266
1.28945648193 0.468280883789
1.29195285034 0.471885009766
1.2945831604 0.474856811523
1.29771432495 0.478705444336
1.30027893066 0.481247802734
1.30304998779 0.485130493164
1.30578930664 0.487534545898
1.30913082886 0.49139074707
1.31177938843 0.493092163086
1.31570068359 0.49712890625
1.3185269165 0.499557373047
1.32187161255 0.50281628418
1.32553286743 0.50544543457
1.32921469116 0.508106811523
1.33273010254 0.511051147461
1.3359354248 0.513410400391
1.3400140686 0.516155883789
1.34372546387 0.518100463867
1.34796682739 0.521046386719
1.35102334595 0.522643798828
1.35551443481 0.525401245117
1.35928811646 0.52680847168
1.36375881958 0.529415039062
1.36732672119 0.53104699707
1.37180831909 0.533378051758
1.37648294067 0.535135253906
1.38018209839 0.537385009766
1.38456362915 0.539560791016
1.38880184937 0.541244140625
1.39362789917 0.543287231445
1.39725585937 0.544832397461
1.40216860962 0.547220825195
1.4062913208 0.548005859375
1.41095684814 0.550056396484
1.41535745239 0.550702148437
1.42012634277 0.550746826172
1.42436883545 0.550783691406
1.42908111572 0.551199462891
1.43438778687 0.551467773437
1.44001062012 0.552121459961
1.44525897217 0.553632080078
1.45087030029 0.555467773437
1.45669445801 0.556682739258
1.46182910156 0.559067626953
1.46748086548 0.562234375
1.4737043457 0.565587768555
1.4790397644 0.568180419922
1.48456280518 0.57265246582
1.49043215942 0.576663452148
1.49582095337 0.580376831055
1.50064550781 0.585418701172
1.50610644531 0.589831542969
1.51171520996 0.594955078125
1.51634454346 0.599382202148
1.52154550171 0.605119384766
1.52696600342 0.609546020508
1.53122293091 0.615504760742
1.53678066254 0.620504516602
1.54123133087 0.626494384766
1.54590345001 0.631786193848
1.551179039 0.637766784668
1.5554141922 0.643085083008
1.5607569809 0.64926184082
1.56513167572 0.654591796875
1.56981946564 0.660341369629
1.57484227753 0.66659588623
1.57912471771 0.671779846191
1.58420008087 0.678124206543
1.58861672211 0.683474853516
1.59324897003 0.68934387207
1.59832305145 0.695425109863
1.60222989655 0.700531188965
1.60750986481 0.706567626953
1.61135495758 0.711941833496
1.61658963013 0.717938598633
1.62052482605 0.723620544434
1.62521151733 0.72898626709
1.62994740295 0.734895874023
1.63396362305 0.740123596191
1.63963290405 0.745715026855
1.64302409363 0.751274597168
1.64853184509 0.756249206543
1.65244281006 0.762184631348
1.65742575073 0.767290405273
1.66211122894 0.772813110352
1.66669042969 0.778445129395
1.67192425537 0.783246948242
1.67609246826 0.789325805664
1.6814080658 0.793794677734
1.68552396393 0.799754333496
1.69096112061 0.804474487305
1.69507502747 0.80994354248
1.70015782166 0.814986450195
1.70444914246 0.819994506836
1.70962055206 0.825602539062
1.71364787292 0.83007800293
1.71880297852 0.835840515137
1.72283628082 0.840281311035
1.7280329895 0.845843688965
1.73219921112 0.850642272949
1.73699732971 0.855527709961
1.74132249451 0.861022277832
1.74590727997 0.865586669922
1.75029867554 0.871152160645
1.75509059906 0.875660095215
1.75975267029 0.880862976074
1.76439749908 0.885619262695
1.76977648163 0.890405395508
1.77383055878 0.89521661377
1.77910630035 0.899620361328
1.78340876007 0.904906066895
1.78830854797 0.908882751465
1.79275187683 0.914223693848
1.79714268494 0.917625061035
1.80201715851 0.922606201172
1.8055564003 0.925652648926
1.81067814636 0.930825378418
1.81383097076 0.934387451172
1.81883568573 0.939254760742
1.82199446869 0.942564453125
1.82655841827 0.946958862305
1.83047389603 0.950483520508
1.83415804291 0.954669433594
1.83850272369 0.958356933594
1.84170166779 0.96208984375
1.84587866592 0.966055114746
1.84994122696 0.969086730957
1.85325458145 0.973212402344
1.85697443771 0.975770568848
1.86128962326 0.979874023437
1.86443353653 0.982608703613
1.86838942337 0.986104492187
1.87214796448 0.98931451416
1.87512722397 0.992017822266
1.87911590958 0.995469787598
1.88288169861 0.998028198242
1.88631295013 1.00152270508
1.89005247879 1.00383911133
1.89435580444 1.00691644287
1.89736384583 1.01007775879
1.90090182114 1.01311968994
1.90526343155 1.01626379395
1.90849613953 1.01877075195
1.91248423767 1.02223675537
1.91639925385 1.02435131836
1.9206523819 1.02785742187
1.92401141357 1.03002276611
1.92826994324 1.0332154541
1.9318120079 1.03535601807
1.93582632446 1.0384440918
1.94010138702 1.04125714111
1.94419670868 1.04333776855
1.94836258316 1.0465536499
1.95206552124 1.04841436768
1.95699994659 1.05135626221
1.96105265808 1.05299664307
1.96552511597 1.05589135742
1.96969412994 1.05756329346
1.97515510178 1.0600635376
1.97870430756 1.06188580322
1.9835772438 1.0643638916
1.98826724243 1.06610772705
1.99282624054 1.06874603271
1.99711007309 1.07135601807
2.00226854706 1.0734989624
2.00651486588 1.07574005127
2.01114480972 1.0775758667
2.01657814789 1.07952093506
2.02063355255 1.08141235352
2.02594618225 1.08363500977
2.03111782074 1.08433795166
2.03578557587 1.08706896973
2.04080390167 1.0881739502
2.04624904633 1.09031201172
2.05077766418 1.09142590332
2.05662741852 1.09285455322
2.06120584106 1.09446502686
2.06645406342 1.09562359619
2.07227633667 1.09702429199
2.07652482605 1.09819134521
2.08255805969 1.0997333374
2.08689633942 1.10024017334
2.09299433899 1.10159667969
2.09798323059 1.10180957031
2.10310231018 1.10340991211
2.10889482117 1.10385412598
2.11375074768 1.10523199463
2.11977478027 1.1063614502
2.12450614929 1.10720233154
2.12983729553 1.10867822266
2.13526133728 1.10942437744
2.14019372559 1.11092028809
2.14612091064 1.11190332031
2.15072653198 1.11290118408
2.15666781616 1.11442681885
2.1616945343 1.11475079346
2.16720550537 1.11648651123
2.17318023682 1.1171194458
2.1780177002 1.11887054443
2.18423651123 1.11985266113
2.18885664368 1.12119824219
2.19508834839 1.12268981934
2.19980297852 1.123418396
2.20531726074 1.12483422852
2.21126159668 1.12509411621
2.2161463623 1.12649639893
2.22224923706 1.12769616699
2.2266159668 1.12866699219
2.23288363647 1.12986791992
2.2373425293 1.13080700684
2.24321525574 1.13226654053
2.24848956299 1.13324578857
2.25337446594 1.13442211914
2.25925753784 1.13569378662
2.26326011658 1.13680206299
2.26966571045 1.13800164795
2.27395654297 1.13900939941
2.27996539307 1.14030834961
2.28530084229 1.14169567871
2.29081564331 1.14259924316
2.296822052 1.14442144775
2.30249639893 1.14479956055
2.30861096191 1.14697460937
2.31359594727 1.14731018066
2.3201980896 1.14943884277
2.32602362061 1.15042156982
2.33224993896 1.1524442749
2.33840655518 1.15366693115
2.3444548645 1.15557220459
2.35102716064 1.15700482178
2.35670986938 1.15874438477
2.36400204468 1.16055743408
2.36942379761 1.16228338623
2.37673858643 1.16409814453
2.38213418579 1.16594799805
2.38961672974 1.16799884033
2.39533364868 1.16961572266
2.40253170776 1.17167614746
2.40814862061 1.17304034424
2.41503207397 1.17547149658
2.42074523926 1.17638311768
2.42685986328 1.1789307251
2.43269821167 1.17983111572
2.43838980103 1.18233172607
2.44397824097 1.18319940186
2.44962994385 1.18559106445
2.45490890503 1.18664367676
2.46043753052 1.18850561523
2.46539169312 1.1901696167
2.47056033325 1.19132940674
2.4752043457 1.19334869385
2.48032452393 1.19421051025
2.4844982605 1.19606689453
2.48914593506 1.19772479248
2.49347091675 1.19833050537
2.49719979858 1.19965216064
2.50120431519 1.20137280273
2.505190979 1.20211230469
2.50771591187 1.20310375977
2.51108508301 1.20414978027
2.51460314941 1.20509106445
2.51718939209 1.20630322266
2.51947351074 1.20690686035
2.52206539917 1.20753881836
2.52457717896 1.20816772461
2.52696524048 1.20903070068
2.52894229126 1.21005627441
2.53086447144 1.21087890625
2.53267843628 1.21130957031
2.53453741455 1.21171405029
2.5363347168 1.21212908936
2.53764297485 1.21266009521
2.53904464722 1.21326239014
2.5403659668 1.21384362793
2.54194366455 1.21432086182
2.54328488159 1.21500640869
2.54475338745 1.21532971191
2.54609039307 1.21583666992
2.54708227539 1.21628094482
2.54793099976 1.2166159668
2.5488420105 1.21691821289
2.54975442505 1.2171942749
2.55067105103 1.21739892578
2.55167581177 1.21773175049
2.55264559937 1.21784942627
2.55365808105 1.21812890625
2.55457736206 1.21830718994
2.55518838501 1.21854998779
2.55570794678 1.21874029541
2.55630471802 1.21898144531
2.55687393188 1.21918951416
2.55751559448 1.21940100098
2.5580480957 1.21968927002
2.55870101929 1.21983099365
2.55921084595 1.21997070312
2.55991107178 1.22012768555
2.56052130127 1.22021520996
2.56112127686 1.22042419434
2.56168408203 1.22055999756
2.56233361816 1.22067370605
2.56273059082 1.22082098389
2.56314950562 1.22090740967
2.56342218018 1.22107891846
2.56374615479 1.22117565918
2.56401867676 1.22128674316
2.56447381592 1.22141699219
2.5648404541 1.22156860352
2.56521276855 1.22166210937
2.56555541992 1.22172674561
2.56583023071 1.22187536621
2.56620635986 1.22193707275
2.56658746338 1.22192712402
2.56693243408 1.22207061768
2.56735070801 1.2221104126
2.56766671753 1.22222003174
2.56807327271 1.22228631592
2.568387146 1.22238537598
2.5688225708 1.22244940186
2.56912362671 1.22245098877
2.56949014282 1.22253887939
2.56970022583 1.22257940674
2.5699262085 1.22266564941
2.57013220215 1.22270581055
2.57031890869 1.22275244141
2.57046124268 1.22284429932
2.57069393921 1.22288494873
2.5708180542 1.22298278809
2.5710020752 1.22303851318
2.57117727661 1.22309558105
2.57141967773 1.2231807251
2.57158786011 1.22323431396
2.57185098267 1.22331695557
2.57204977417 1.22336767578
2.57223165894 1.22343225098
2.57237420654 1.22350170898
2.57263711548 1.22354766846
2.57276211548 1.22361425781
2.57303063965 1.22366607666
2.57318893433 1.22373095703
2.57346307373 1.2237756958
2.57357183838 1.22384222412
2.57381707764 1.22387854004
2.57398931885 1.22393841553
2.57418139648 1.2239800415
2.57430477905 1.22405743408
2.57455059814 1.22409924316
2.57470196533 1.22416748047
2.57494805908 1.2242020874
2.57505361938 1.22426123047
2.57528582764 1.224309021
2.57542346191 1.22436132812
2.57564013672 1.22439904785
2.57578643799 1.22443878174
2.57598864746 1.22447003174
2.57611355591 1.22454156494
2.57629177856 1.22455908203
2.57636639404 1.22459381104
2.57648809814 1.2246350708
2.5765524292 1.22466333008
2.57665783691 1.22470361328
2.57668753052 1.22472680664
2.57683532715 1.22479431152
2.57693927002 1.22485913086
2.57704724121 1.22488262939
2.57707391357 1.22492974854
2.57718600464 1.22496807861
2.57725778198 1.22503088379
2.57738635254 1.22503234863
2.57741055298 1.22507922363
2.57756204224 1.225112854
2.57762167358 1.22515313721
2.57773425293 1.22516815186
2.57780664062 1.22521289062
2.57797283936 1.225269104
2.57807092285 1.22533770752
2.57819528198 1.22535229492
2.5782666626 1.22543737793
2.57840664673 1.225449646
2.57842449951 1.225480896
2.57853970337 1.22551226807
2.57859277344 1.22555383301
2.57868746948 1.22557879639
2.57874246216 1.2255914917
2.57883505249 1.22564672852
2.57891519165 1.22569525146
2.57904925537 1.2257243042
2.57913604736 1.22580010986
2.579296875 1.22582818604
2.57939431763 1.22588226318
2.57952496338 1.22590478516
2.57954614258 1.22593048096
2.57967053223 1.22598126221
2.57971261597 1.22600134277
2.57984542847 1.2260380249
2.57982177734 1.22606091309
2.5798984375 1.22607440186
2.57988693237 1.22607397461
2.57996008301 1.22609136963
2.58001019287 1.22611053467
2.58018603516 1.22619110107
2.58023742676 1.22622515869
2.58050048828 1.22629656982
2.5809571228 1.22634912109
2.58160620117 1.22645800781
2.62520004272 1.26990264893
2.62509841919 1.26984515381
2.62360821533 1.26810351563
2.62082006836 1.26436486816
2.616790802 1.2597043457
2.61304003906 1.25375476074
2.60807519531 1.24904541016
2.60807519531 1.24904541016
2.59939569092 1.23738366699
2.59517810059 1.23209423828
2.59100540161 1.22599304199
2.58705673218 1.2212925415
2.58299249268 1.21502886963
2.57944711304 1.21089111328
2.57513235474 1.20517712402
2.57196600342 1.20088433838
2.56733816528 1.1954475708
2.56423419189 1.19085241699
2.55959255981 1.18570330811
2.55664724731 1.18142199707
2.55263171387 1.17685754395
2.54893978882 1.17286236572
2.54612213135 1.16873516846
2.54286965942 1.16509814453
2.53902914429 1.16071453857
2.53686392212 1.15775939941
2.53374771118 1.15356500244
2.53081079102 1.15100183105
2.52756817627 1.14727911377
2.52536279297 1.14445941162
2.5226741333 1.14149224854
2.51998010254 1.1380803833
2.51711248779 1.13595623779
2.51467074585 1.13291351318
2.51244549561 1.13005053711
2.51009939575 1.12793481445
2.50729144287 1.12492559814
2.50462973022 1.12284362793
2.50211749268 1.12065142822
2.50001605225 1.1181585083
2.49798492432 1.11615887451
2.49587805176 1.11417755127
2.49441207886 1.11154071045
2.49345959473 1.10962091064
2.49164413452 1.10634173584
2.49090979004 1.10408056641
2.48920541382 1.10138293457
2.48680007935 1.09885284424
2.48409484863 1.09683428955
2.4808583374 1.09451507568
2.47724935913 1.09245214844
2.47283505249 1.09092669678
2.46808032227 1.08955554199
2.46280963135 1.08839862061
2.45738195801 1.08756573486
2.4513843689 1.08758319092
2.44543487549 1.0884475708
2.43935031128 1.08901623535
2.43303631592 1.09013238525
2.4264758606 1.09176025391
2.41995254517 1.09429669189
2.41333901978 1.09639538574
2.40666149902 1.09910333252
2.39965753174 1.10228662109
2.39361639404 1.10563037109
2.38688876343 1.1099118042
2.38022283936 1.11262164307
2.37399645996 1.11708850098
2.36801480103 1.12100488281
2.3616602478 1.12557659912
2.35546588135 1.12952374268
2.34999789429 1.13457843018
2.34356826782 1.13867993164
2.338159729 1.14353387451
2.33277148437 1.14788232422
2.32672216797 1.15311401367
2.32112408447 1.1571192627
2.3158190918 1.16287835693
2.30976403809 1.16690966797
2.30447216797 1.1726159668
2.29925708008 1.17740325928
2.29346298218 1.18278631592
2.28864212036 1.1875569458
2.28302416992 1.19318280029
2.27763824463 1.19798455811
2.27239382935 1.20326593018
2.26672247314 1.20905389404
2.26085864258 1.21386065674
2.25632006836 1.21999780273
2.25037216187 1.22485430908
2.24552453613 1.23054486084
2.24064736938 1.2361998291
2.234840271 1.24105474854
2.23043670654 1.24698590088
2.2250552063 1.25240490723
2.22024842834 1.25820239258
2.21572058105 1.26354168701
2.20980029297 1.26899981689
2.20554655457 1.27454388428
2.20028277588 1.27991601563
2.19530508423 1.28574987793
2.19056698608 1.29078594971
2.18538592529 1.29659503174
2.18082434082 1.30151281738
2.1760201416 1.30704602051
2.17089877319 1.31263098145
2.166359375 1.31766094971
2.16115664673 1.32381884766
2.15657511902 1.3283348999
2.15189144897 1.33419958496
2.14691503906 1.33910467529
2.14246791077 1.34446203613
2.13743936157 1.35000109863
2.13315522766 1.35489141846
2.12829336548 1.36108905029
2.12364152527 1.36548327637
2.11923760986 1.37153979492
2.11442443848 1.37614868164
2.11024409485 1.38164691162
2.10554013062 1.38639031982
2.10161276245 1.39140063477
2.0968770752 1.39663861084
2.09324888611 1.40118792725
2.088633461 1.40647149658
2.08508146667 1.41067547607
2.08054502869 1.41589916992
2.07745925903 1.42009240723
2.07306438446 1.4250569458
2.07002702332 1.42927368164
2.06556787872 1.43399255371
2.0626739502 1.43867102051
2.05866728973 1.44267150879
2.05568940735 1.4475569458
2.05192118835 1.45134033203
2.04864846802 1.4560098877
2.04532515717 1.4597678833
2.04157233429 1.46419561768
2.03906819916 1.46838519287
2.0353829422 1.47207403564
2.03256851959 1.47626861572
2.0294384079 1.48021942139
2.02605131531 1.48277532959
2.02322393799 1.48479168701
2.01992192841 1.48702801514
2.01668546295 1.48935028076
2.01392149353 1.49194158936
2.01077613831 1.49469317627
2.00762191772 1.49783026123
2.00523932648 1.50095349121
2.00308032227 1.50540332031
2.00092206573 1.50951422119
1.99856677246 1.514159729
1.99731539154 1.51887884521
1.99602748871 1.52415234375
1.99430554199 1.52940808105
1.99347563171 1.53460119629
1.99314403534 1.54041186523
1.99283742523 1.54655499268
1.99321453094 1.55239263916
1.99347893524 1.55801641846
1.99389832306 1.56414581299
1.99498751068 1.57029473877
1.99639178467 1.57614147949
1.9973132019 1.58234515381
1.99920030975 1.58832305908
2.00101914215 1.59448895264
2.00235372162 1.59992974854
2.00524079132 1.60637927246
2.00699415588 1.61257958984
2.00917221069 1.61849157715
2.01213040161 1.62424835205
2.01402326202 1.63053152466
2.01713484192 1.63591824341
2.01963244629 1.64178039551
2.02243005371 1.6472074585
2.02549815369 1.65283026123
2.02789385223 1.6584649353
2.03154438782 1.66394961548
2.03390164185 1.66962869263
2.03775066376 1.67514587402
2.04051257324 1.68080792236
2.04381427002 1.6858626709
2.04705474854 1.69110375977
2.04994882202 1.69632260132
2.05360836792 1.70149481201
2.05643267822 1.70725012207
2.06046259308 1.71217712402
2.06393088531 1.71814657593
2.06794374084 1.72304040527
2.07141423035 1.72853387451
2.07559366608 1.7337767334
2.07924411011 1.7392098999
2.08292596436 1.74379324341
2.08628993225 1.7486423645
2.08990093994 1.75364465332
2.09355244446 1.75847952271
2.09710072327 1.76390441895
2.10110464478 1.76854449463
2.10486069489 1.77431723022
2.10900515747 1.77897402954
2.11299435425 1.78474072266
2.11722214508 1.78947277832
2.12129501343 1.79506811523
2.12556095886 1.79992459106
2.12959692383 1.80519281006
2.13435708618 1.81041986084
2.13802832031 1.81510629272
2.14290664673 1.8203132019
2.14652590942 1.82489761353
2.15116952515 1.82992935181
2.15457048035 1.83435980225
2.15924530029 1.83958218384
2.16264225769 1.8439934082
2.16712718201 1.84904492188
2.17080247498 1.85355593872
2.17515283203 1.85843887329
2.17908348083 1.86295709229
2.18359103394 1.8684296875
2.18749804688 1.87270864868
2.19183853149 1.87810177612
2.19579759216 1.88243237305
2.20036737061 1.88798260498
2.20433088684 1.89229989624
2.20893399048 1.89764413452
2.2130151825 1.9022671814
2.21772747803 1.90738626099
2.22207798767 1.91232263184
2.22659681702 1.91704586792
2.23122885132 1.92222085571
2.23526200867 1.92638513184
2.240240448 1.93185455322
2.24405195618 1.93568920898
2.24914323425 1.94106460571
2.25267575073 1.94476742554
2.25802767944 1.95019955444
2.26151824951 1.95393148804
2.2668074646 1.95890679932
2.27039581299 1.96306564331
2.27612002563 1.96808520508
2.27969552612 1.97259747314
2.28552438354 1.97733926392
2.28876617432 1.9817177124
2.29466879272 1.98612503052
2.2986499939 1.9912829895
2.30387783813 1.99505911255
2.30804522705 2.00028805542
2.31322772217 2.00378274536
2.31767825317 2.00894329834
2.32284194946 2.01276516724
2.32759527588 2.01770053101
2.33263476562 2.02167071533
2.33746762085 2.02630966187
2.34266876221 2.03074407959
2.34731451416 2.03519708252
2.35286410522 2.04028414917
2.35740530396 2.04433868408
2.36302981567 2.04930526733
2.36726797485 2.05339587402
2.37308074951 2.05789562988
2.37727651978 2.06215942383
2.38331433105 2.06622494507
2.38741195679 2.07047116089
2.39313137817 2.07415921021
2.39733758545 2.07830276489
2.40327243042 2.08232781982
2.40712200928 2.08593438721
2.41279296875 2.09049938965
2.41672518921 2.09363043213
2.42181509399 2.09833953857
2.42640185547 2.10144525146
2.43119277954 2.10595266724
2.43597512817 2.10951702881
2.43999417114 2.11345388794
2.44492837524 2.11761721802
2.44844619751 2.1207902832
2.45340328979 2.12519195557
2.45686727905 2.12855343628
2.46160574341 2.13236151123
2.46489804077 2.13658218384
2.46946612549 2.13993597412
2.47282809448 2.14413296509
2.47734301758 2.14843588257
2.48052740479 2.15199584961
2.48486566162 2.15662399292
2.48804959106 2.1601126709
2.49222064209 2.1644413147
2.49514065552 2.16843280029
2.49948498535 2.17238330078
2.50242971802 2.17663970947
2.50663787842 2.18160949707
2.50923361206 2.18495391846
2.51325057983 2.18997067261
2.51584646606 2.19380377197
2.51979464722 2.19843746948
2.52231350708 2.20298654175
2.52622094727 2.20696148682
2.52879968262 2.21123348999
2.53266864014 2.21636431885
2.53509585571 2.22001953125
2.53860498047 2.22470068359
2.54125967407 2.22916864014
2.54458804321 2.23351763916
2.54708422852 2.23831430054
2.55028869629 2.24233731079
2.55305328369 2.24700442505
2.55550131226 2.25165539551
2.55870785522 2.25568374634
2.560853302 2.26014978027
2.56407711792 2.26502767944
2.56602700806 2.26884225464
2.56907092285 2.27396343994
2.5710874939 2.27775177002
2.57396533203 2.28243713379
2.57616751099 2.28717456055
2.57882147217 2.29097674561
2.58165194702 2.29585836792
2.58322003174 2.30031469727
2.58638684082 2.30454095459
2.58804251099 2.30888293457
2.59061471558 2.31395974731
2.59253549194 2.3175692749
2.5949140625 2.32231082153
2.59685858154 2.3272003479
2.59900964355 2.33086877441
2.60151889038 2.33575534058
2.60283392334 2.34022412109
2.60551068115 2.34451528931
2.60689611816 2.34891867065
2.60901266479 2.35395941162
2.61091876221 2.35783288574
2.61277352905 2.36255349731
2.61447851563 2.3676552124
2.61611300659 2.37131750488
2.61828842163 2.37631268311
2.61905187988 2.38061322021
2.62118392944 2.38497283936
2.62243637085 2.38906668091
2.62356085205 2.39323031616
2.62533322144 2.39772183228
2.62618167114 2.40086932373
2.62769491577 2.40501855469
2.62877249146 2.40898736572
2.62955853271 2.41245953369
2.63107788086 2.4160574646
2.63195553589 2.41946380615
2.63283529663 2.42292800903
2.63393624878 2.42698614502
2.63462670898 2.42991818237
2.63552920532 2.43289111328
2.63646533203 2.43605358887
2.63704940796 2.439253479
2.63736560059 2.44218225098
2.63802709961 2.44537512207
2.63903912354 2.44819577026
2.63930148315 2.45050964355
2.63987643433 2.45339273071
2.64057766724 2.45634823608
2.64074539185 2.45903277588
2.64094927979 2.46169512939
2.64152963257 2.46411108398
2.64236132813 2.4669418335
2.64243661499 2.46889306641
2.64274642944 2.47144476318
2.6430007019 2.47394464111
2.64345767212 2.47659661865
2.64328988647 2.47870587158
2.64352737427 2.48085437012
2.64376028442 2.48279696655
2.64425332642 2.48521606445
2.64457775879 2.48733239746
2.64455368042 2.48912078857
2.64456576538 2.49115585327
2.64468106079 2.49337750244
2.6448180542 2.49559579468
2.64493353271 2.49783422852
2.64489154053 2.49932629395
2.64501501465 2.50110623169
2.64520834351 2.50292120361
2.64547689819 2.50481265259
2.64567251587 2.50689337158
2.64561212158 2.50840499878
2.64540655518 2.51012200928
2.64535266113 2.51189855957
2.64525546265 2.5136776123
2.64525921631 2.51553308105
2.64537115479 2.51730838013
2.64534799194 2.51867730713
2.64533248901 2.51992730713
2.64522961426 2.52126800537
2.64521774292 2.52272698975
2.64526419067 2.5242824707
2.64527636719 2.52584094238
2.6452265625 2.52743701172
2.64490255737 2.52862033081
2.64463037109 2.52999188232
2.64434985352 2.53126516724
2.64414221191 2.53272628784
2.64409671021 2.53404483032
2.64407614136 2.5352958374
2.6441388855 2.53659985352
2.64413186646 2.53771411133
2.64398910522 2.5387668457
2.64385955811 2.53984594727
2.64370315552 2.54091174316
2.64362268066 2.54210675049
2.64352139282 2.5432567749
2.64343737793 2.54461016846
2.64337445068 2.5458192749
2.64324557495 2.54709509277
2.64297607422 2.54807556152
2.64273892212 2.54901306152
2.64250567627 2.54995367432
2.64229812622 2.55093713379
2.6421242981 2.55186096191
2.64212796021 2.55287188721
2.64208221436 2.55373376465
2.64208114624 2.55476593018
2.64207150269 2.55583068848
2.64212283325 2.55689776611
2.64200796509 2.55773419189
2.6418409729 2.5584541626
2.64168920898 2.5591751709
2.64154205322 2.55995379639
2.64137554932 2.56076251221
2.64120367432 2.56160809326
2.6410375061 2.56246282959
2.64093011475 2.56327301025
2.64079058838 2.56416827393
2.64071789551 2.56500732422
2.64057406616 2.56586785889
2.64044781494 2.56678070068
2.64024963379 2.56744525146
2.64006030273 2.56801556396
2.63982229614 2.56857330322
2.63968411255 2.56924786377
2.63943417358 2.56978588867
2.63933755493 2.57038049316
2.63917565918 2.57103381348
2.63913131714 2.57166833496
2.63904049683 2.57224969482
2.63897680664 2.57287243652
2.63892211914 2.57352246094
2.63885726929 2.57421173096
2.63880532837 2.57487579346
2.63875390625 2.57550018311
2.63868960571 2.57614117432
2.63864031982 2.57670739746
2.63851257324 2.57721954346
2.6383600769 2.57766455078
2.63822247314 2.57813366699
2.6380977478 2.57856872559
2.63795004272 2.57904412842
2.63784243774 2.57945654297
2.63773727417 2.5799354248
2.63760308838 2.58050262451
2.63747872925 2.58099127197
2.63740609741 2.58155633545
2.63726843262 2.5820736084
2.63716851807 2.58259985352
2.63707418823 2.5831050415
2.6369899292 2.58363079834
2.63690203857 2.58414746094
2.63683770752 2.58466662598
2.63672763062 2.58515332031
2.63676593018 2.58556207275
2.63652481079 2.58588580322
2.63648562622 2.58635375977
2.63635385132 2.58666998291
2.63625595093 2.5868807373
2.63608407593 2.58732312012
2.63594448853 2.58769238281
2.63594711304 2.58812072754
2.63569924927 2.58830792236
2.63563543701 2.5886763916
2.6355513916 2.5891661377
2.63523254395 2.58969311523
2.6352961731 2.58986480713
2.63516760254 2.59017584229
2.63510998535 2.59057202148
2.63507058716 2.59100408936
2.63498571777 2.59140814209
2.634959198 2.59184454346
2.63487478638 2.5921159668
2.63488302612 2.59258416748
2.63478668213 2.59300585938
2.63463516235 2.59348974609
2.63472439575 2.5936730957
2.63474124146 2.59397479248
2.63475976563 2.59425091553
2.63457559204 2.59449780273
2.63448458862 2.5947911377
2.63455358887 2.59497827148
2.63424481201 2.59531945801
2.63418777466 2.59561517334
2.6340949707 2.59585632324
2.63401260376 2.59620037842
2.63394332886 2.59640887451
2.63388504028 2.59670153809
2.63379742432 2.59696832275
2.63374526978 2.59729199219
2.63367510986 2.59756176758
2.63360348511 2.59791027832
2.63351608276 2.59814111328
2.63346777344 2.59850976562
2.63338116455 2.59874108887
2.63336486816 2.59910760498
2.63325537109 2.59941638184
2.63322619629 2.59977496338
2.63318426514 2.600050354
2.63312469482 2.60038348389
2.63303775024 2.60068695068
2.63301397705 2.60107019043
2.63293234253 2.60132183838
2.63290109253 2.60163848877
2.63284313965 2.60179284668
2.63279446411 2.60203210449
2.63269998169 2.6022623291
2.63236361694 2.60292974854
2.63188891602 2.60365661621
