0.493435119629 2.55251766968
0.493023223877 2.55236135864
0.492967987061 2.55247503662
0.492958740234 2.55249407959
0.492939697266 2.55251077271
0.492810821533 2.55255252075
0.493011413574 2.55247921753
0.491786651611 2.55211587524
0.487720458984 2.55054165649
0.48323928833 2.54889904785
0.478850067139 2.54719033813
0.474472991943 2.54531390381
0.469351898193 2.54314910889
0.463534973145 2.54053912354
0.457723754883 2.53779458618
0.452108154297 2.5350255127
0.446647827148 2.53221286011
0.441104919434 2.52940411377
0.435426727295 2.52633007812
0.429622406006 2.52306918335
0.424024871826 2.51984472656
0.418435699463 2.51646499634
0.412345947266 2.51261816406
0.405361694336 2.50838827515
0.398149353027 2.50423413086
0.39099609375 2.49980023193
0.384104125977 2.49553268433
0.376944244385 2.49133517456
0.36997769165 2.48689637756
0.362964782715 2.48253952026
0.355983978271 2.47816984558
0.348846588135 2.47390332031
0.341985900879 2.46953100586
0.335420776367 2.46509439087
0.328738708496 2.46097514343
0.321624511719 2.45678408813
0.315447387695 2.45272181702
0.308384155273 2.44835069275
0.301889923096 2.44403372192
0.295611816406 2.43952684021
0.289206634521 2.4354765625
0.282109527588 2.43119281006
0.27572265625 2.42684646606
0.269960113525 2.42253805542
0.263492736816 2.41841093445
0.257620727539 2.41415956116
0.252053527832 2.40955245972
0.246458221436 2.4052411499
0.240813354492 2.40078456116
0.23553515625 2.39631973267
0.229759002686 2.39150640869
0.225032775879 2.38726907349
0.219677215576 2.38287658691
0.214910888672 2.37814389038
0.210228607178 2.37321641541
0.205751312256 2.36840319824
0.200789764404 2.36331304932
0.196366241455 2.3579597168
0.191529602051 2.35259370422
0.186747161865 2.34723974609
0.182372131348 2.34186798096
0.177920532227 2.33608544922
0.173773406982 2.3303465271
0.169340423584 2.32433277893
0.165258666992 2.31842370605
0.161053863525 2.31185612488
0.156719482422 2.30506304932
0.153654083252 2.29893197632
0.14974508667 2.29187823486
0.145922363281 2.28516123962
0.142431610107 2.27841137695
0.138935089111 2.27156112671
0.135690063477 2.26457702637
0.132358062744 2.25738339233
0.129047546387 2.24977124023
0.126318450928 2.24270620728
0.123316101074 2.23522624207
0.120593444824 2.22783296204
0.117875152588 2.2199465332
0.11512487793 2.2121831665
0.112867462158 2.20397940063
0.110778259277 2.19651223755
0.108706573486 2.18879696655
0.106508605957 2.17976037598
0.104618835449 2.17145613098
0.102774719238 2.16310206604
0.101168212891 2.15482957458
0.0996031188965 2.14645799255
0.0981702575684 2.13780477905
0.0969253540039 2.12922956848
0.0959729919434 2.12078057861
0.094963470459 2.11192414856
0.0943030090332 2.10325949097
0.0937026062012 2.09428813171
0.0931015319824 2.08541481018
0.0925086975098 2.07687634277
0.0920987243652 2.06821101379
0.0916995239258 2.05969387817
0.0913408508301 2.05082829285
0.0908929138184 2.04217218018
0.0907415771484 2.03318817139
0.0909940185547 2.02478704834
0.0904400939941 2.01566891479
0.0904352111816 2.00694421387
0.0901943054199 1.99817919922
0.090166015625 1.98957177734
0.090052947998 1.98102661133
0.0903180236816 1.97242152405
0.0897726135254 1.96361451721
0.0897869567871 1.95496563721
0.0897412414551 1.94626644897
0.0898937072754 1.9375171051
0.0898880004883 1.92882713318
0.0899299316406 1.92038380432
0.0898138122559 1.91157505798
0.0900032348633 1.90307954407
0.0901864624023 1.89442100525
0.0903385314941 1.88579916382
0.0904966430664 1.87750187683
0.0905529785156 1.86915722656
0.090778137207 1.86100288391
0.0908666992188 1.85250056458
0.0911213989258 1.84451075745
0.0910896911621 1.83679618835
0.0913458862305 1.82912965393
0.091321105957 1.8214793396
0.0913729858398 1.81368531799
0.0914719848633 1.80617532349
0.091474822998 1.7991129303
0.0914161682129 1.79196894836
0.0914710083008 1.78463464355
0.091382232666 1.77732200623
0.091374420166 1.77044625854
0.0913518676758 1.76395352173
0.091419342041 1.75748027039
0.0913860778809 1.75118490601
0.091293762207 1.74478323364
0.0913123168945 1.73853469849
0.0913450012207 1.73279193115
0.0913503723145 1.72713595581
0.0914691772461 1.72139312744
0.0914678649902 1.71558470154
0.091474029541 1.70977464294
0.0915113525391 1.70449377441
0.0916706542969 1.69926968384
0.091803527832 1.69375920105
0.0918505249023 1.68839378357
0.0920083618164 1.68359094238
0.0921330566406 1.67903884888
0.0922780151367 1.67451654053
0.0924672241211 1.67000384521
0.0926335754395 1.6653916626
0.0928479003906 1.66109562683
0.0930010986328 1.65717384338
0.0932480163574 1.65312295532
0.0935187683105 1.6492517395
0.0937723999023 1.64567544556
0.0940539245605 1.64153378296
0.0943069152832 1.63838458252
0.0945924987793 1.63495559692
0.094905456543 1.63151034546
0.0952520446777 1.62818630981
0.095611907959 1.62510754395
0.0958219299316 1.62216387939
0.0962603759766 1.61925369263
0.0964898986816 1.6163392334
0.0969403991699 1.61340234375
0.0972507324219 1.61062176514
0.0977120056152 1.60791461182
0.098078338623 1.60534765625
0.0984643554688 1.60270181274
0.0987810058594 1.60009854126
0.0992780456543 1.59765643311
0.0997153930664 1.59535900879
0.100156494141 1.59306524658
0.100568237305 1.59074755859
0.100981658936 1.58839633179
0.101533203125 1.58614053345
0.101887664795 1.58417025757
0.102328857422 1.58218569946
0.102760955811 1.57995864868
0.103173736572 1.57787191772
0.103616851807 1.57597665405
0.104007476807 1.57426229858
0.104484344482 1.57251269531
0.104888214111 1.57072146606
0.105358856201 1.56899282837
0.105798583984 1.56743344116
0.106166748047 1.56586669922
0.106580169678 1.56435922241
0.107029327393 1.562875
0.107423278809 1.56134191895
0.107843841553 1.55995776367
0.108153808594 1.5585378418
0.108589355469 1.55715744019
0.108965820313 1.55579983521
0.109401733398 1.55445062256
0.10980090332 1.55322738647
0.110132171631 1.55209536743
0.110526977539 1.55095465088
0.110893005371 1.54976651001
0.111311584473 1.54858590698
0.111700561523 1.54753015137
0.112002655029 1.54659762573
0.112371917725 1.5455519104
0.112706848145 1.54454650879
0.113097106934 1.54354315186
0.11345489502 1.54265783691
0.113720306396 1.54188406372
0.114074645996 1.54103814697
0.114356231689 1.54022210693
0.114699493408 1.53942074585
0.11499810791 1.53876202393
0.115216339111 1.53813363647
0.115593109131 1.53740588379
0.115827636719 1.53674539185
0.116152770996 1.53602334595
0.116421356201 1.53538928223
0.116691253662 1.53473297119
0.117007446289 1.53405480957
0.117221679688 1.53346069336
0.117508850098 1.53285317993
0.117802368164 1.53226220703
0.118013671875 1.53178549194
0.118293579102 1.53125363159
0.118566009521 1.53069125366
0.1188175354 1.53013397217
0.119079650879 1.5296461792
0.119245605469 1.529275177
0.119529510498 1.52875271606
0.119775238037 1.52824307251
0.119992950439 1.5277855835
0.120257873535 1.52735079956
0.120390960693 1.52697427368
0.120698669434 1.52652197266
0.120861236572 1.52612588501
0.121073150635 1.52576150513
0.121303253174 1.52536538696
0.121468688965 1.52499676514
0.121633422852 1.52466238403
0.121848052979 1.52430731201
0.122027160645 1.52396627808
0.122283050537 1.52360745239
0.12240057373 1.52335403442
0.122642913818 1.52301315308
0.122800994873 1.52273156738
0.123066802979 1.52236141968
0.123266204834 1.5220428772
0.123386749268 1.5218303833
0.123578765869 1.52156369019
0.123684906006 1.521362854
0.123880065918 1.52107910156
0.124059448242 1.52081369019
0.124211456299 1.5205748291
0.124359100342 1.5203812561
0.124470336914 1.52014663696
0.124598449707 1.51989764404
0.124676177979 1.51979983521
0.124797210693 1.51963891602
0.124982391357 1.51937591553
0.125074188232 1.51930938721
0.125175567627 1.51908746338
0.125323638916 1.51892590332
0.125286132813 1.51895471191
0.125297485352 1.51891769409
0.125480529785 1.51869485474
0.125570861816 1.51855566406
0.125695983887 1.51832125854
0.125831970215 1.51815188599
0.125907958984 1.5180423584
0.125975036621 1.51794030762
0.126169281006 1.51775985718
0.126119995117 1.51765582275
0.126101959229 1.51765560913
0.122515258789 1.52310906982
0.122435821533 1.52312002563
0.122429382324 1.52317602539
0.122397399902 1.52324493408
0.122494262695 1.52314013672
0.122445709229 1.5231572876
0.122440216064 1.52315435791
0.122462982178 1.52320101929
0.122464752197 1.52339035034
0.123196105957 1.52662112427
0.124083526611 1.53029974365
0.125221313477 1.53454534912
0.126210174561 1.53866043091
0.127385925293 1.54320095825
0.128730865479 1.54861721802
0.130098693848 1.55406256104
0.131421051025 1.55966159058
0.13295614624 1.56542980957
0.134283813477 1.57102752686
0.135793518066 1.5773336792
0.13727444458 1.58353305054
0.138839416504 1.58986184692
0.140353179932 1.59594152832
0.141766876221 1.60217526245
0.143397216797 1.60866116333
0.144928833008 1.61536871338
0.146484283447 1.62172711182
0.148011627197 1.62823968506
0.149538238525 1.63465866089
0.150969726563 1.64145510864
0.152488616943 1.64853707886
0.153981384277 1.65553005981
0.155521484375 1.6625589447
0.156918029785 1.66950930786
0.158377441406 1.67696325684
0.159722625732 1.68440956116
0.161063659668 1.69190725708
0.162480377197 1.69920759583
0.163836334229 1.70654977417
0.16521005249 1.71421141052
0.16642086792 1.7219037323
0.167649871826 1.72984481812
0.168777770996 1.73763560486
0.170065093994 1.74549432373
0.171327606201 1.75344888306
0.17280456543 1.76149205017
0.174144287109 1.76955163574
0.17593548584 1.7772646637
0.177042877197 1.78532868958
0.178355895996 1.79346856689
0.179504455566 1.80162927246
0.180661621094 1.80987986755
0.181967407227 1.81813061523
0.183305389404 1.82622213745
0.184170562744 1.83461526489
0.18525213623 1.84305729675
0.186361724854 1.85132339478
0.187415252686 1.85920733643
0.188285125732 1.86779554749
0.189179443359 1.87639808655
0.190069580078 1.88472636414
0.190744293213 1.89320471191
0.19149395752 1.90161933899
0.192147521973 1.91024661255
0.192760772705 1.91879779053
0.1931980896 1.92748300171
0.193586151123 1.93578805542
0.19394543457 1.94446821594
0.194385192871 1.95328344727
0.194813079834 1.96197512817
0.195192871094 1.97042390442
0.195447509766 1.97944306946
0.195880096436 1.98818951416
0.196318267822 1.99678492737
0.19690234375 2.00554917908
0.19738861084 2.01416467285
0.197970153809 2.02300642395
0.198540710449 2.03044815063
0.199244903564 2.04049302673
0.19986416626 2.04919274902
0.200607818604 2.05797355652
0.201433990479 2.0667052002
0.202198974609 2.0755771637
0.203180175781 2.08440229797
0.204128204346 2.09281776428
0.204747375488 2.10174842834
0.205569580078 2.11060943604
0.206301727295 2.11950454712
0.206887237549 2.12852256775
0.207357177734 2.13758247375
0.207857025146 2.14639961243
0.208475311279 2.15540959167
0.209027832031 2.16422093201
0.209551025391 2.17290200806
0.210250732422 2.18157247925
0.211011566162 2.19033485413
0.211673522949 2.19924639893
0.212350372314 2.20819869995
0.212993103027 2.21703738403
0.213635009766 2.22546957397
0.214121002197 2.23470999146
0.214641113281 2.24359664917
0.215352264404 2.25238182068
0.215845825195 2.26139985657
0.216524078369 2.27007473755
0.217162475586 2.27902932739
0.217867584229 2.28772889709
0.218555023193 2.29674191284
0.219223358154 2.30547084045
0.21994519043 2.31382142639
0.220579803467 2.32204090881
0.22121572876 2.32986499023
0.222170898438 2.33855282593
0.223003936768 2.3468480072
0.223832336426 2.35448228455
0.224703521729 2.36195022583
0.225418762207 2.36973118591
0.22622756958 2.37739349365
0.227055603027 2.38507568359
0.227833312988 2.39229470825
0.228599761963 2.39922625732
0.229404052734 2.40625485229
0.230323181152 2.41330558777
0.231310638428 2.42029318237
0.231971801758 2.4264510498
0.232784454346 2.43325227356
0.23358682251 2.43972563171
0.234367736816 2.44638482666
0.235236175537 2.45284817505
0.236275238037 2.45890306091
0.237278045654 2.46495536804
0.238519775391 2.470823349
0.239816375732 2.4768190918
0.241174285889 2.48263775635
0.242722625732 2.48821511841
0.244451385498 2.49365586853
0.246298980713 2.49888389587
0.248445617676 2.5043216095
0.250813262939 2.50973504639
0.25347833252 2.51550857544
0.256337677002 2.52091473389
0.258902496338 2.5265597229
0.262516845703 2.53123538208
0.265769104004 2.53644760132
0.269745056152 2.54201513672
0.274051208496 2.54759146118
0.27861920166 2.55284243774
0.282754882813 2.55782452393
0.287963745117 2.56263671875
0.293442871094 2.56769885254
0.299138061523 2.57253448486
0.304961151123 2.57731948853
0.311071136475 2.58193264771
0.316840393066 2.58625509644
0.324266571045 2.5907612915
0.331516784668 2.59542086792
0.339071838379 2.60006045532
0.345976715088 2.60374612427
0.35348147583 2.60769329834
0.361047607422 2.6117088623
0.369093200684 2.61534683228
0.377620849609 2.61927105713
0.385697937012 2.62285775757
0.393968994141 2.62671417236
0.401573394775 2.62993405151
0.410804199219 2.63314526367
0.419685974121 2.63648397827
0.427524200439 2.63980554199
0.436136779785 2.64312359619
0.444681640625 2.64677682495
0.45126776123 2.65024624634
0.46159753418 2.65259307861
0.47028515625 2.65561984253
0.478960479736 2.65925183105
0.485014099121 2.66189306641
0.495428527832 2.66499499512
0.502410766602 2.66823171997
0.511374511719 2.67076296997
0.519738616943 2.67417028809
0.528055755615 2.67737417603
0.535549987793 2.68068469238
0.542797271729 2.68379223633
0.552166595459 2.68635791016
0.560300231934 2.68939743042
0.568282897949 2.69281619263
0.576280914307 2.6955536499
0.583645294189 2.69929281616
0.589171783447 2.70297311401
0.599583343506 2.70522491455
0.607458465576 2.70838259888
0.615337127686 2.7121842041
0.622573425293 2.7149602356
0.630745483398 2.71827734375
0.636985473633 2.72175604248
0.645946502686 2.72461816406
0.653077209473 2.72795343018
0.660961761475 2.73130877686
0.667575317383 2.73501669312
0.674157043457 2.73828607178
0.682759124756 2.74080337524
0.690629180908 2.74399856567
0.697807891846 2.74745629883
0.70545916748 2.75024807739
0.712464080811 2.7541880188
0.717531555176 2.75814971924
0.727735900879 2.76024731445
0.735523620605 2.76361352539
0.743094329834 2.76713293457
0.750080383301 2.77007424927
0.757916717529 2.77301977539
0.763769348145 2.77610003662
0.772447555542 2.77834393311
0.779614028931 2.78118612671
0.787327377319 2.78380532837
0.79366734314 2.78652832031
0.799851715088 2.78899078369
0.807997833252 2.79068981934
0.815351882935 2.79261813354
0.82219392395 2.79486325073
0.829183273315 2.796462677
0.835852981567 2.79873117065
0.841092697144 2.80088760376
0.849948181152 2.80159466553
0.856870025635 2.80298858643
0.863703399658 2.80476443481
0.870194580078 2.80639160156
0.877387145996 2.80764031982
0.884144073486 2.80901885986
0.891155181885 2.81031170654
0.896864547729 2.81162963867
0.90332019043 2.81268484497
0.909563613892 2.81444714355
0.914445861816 2.81541253662
0.921699432373 2.81582687378
0.927582946777 2.81640072632
0.933047805786 2.81747793579
0.939051025391 2.81803640747
0.945054519653 2.81915014648
0.949278747559 2.81969546509
0.955482025146 2.81967541504
0.960251754761 2.81984970093
0.96554750061 2.82068762207
0.970585861206 2.82120709229
0.975928588867 2.8213868103
0.980137039185 2.82124008179
0.984900726318 2.82142355347
0.98932723999 2.82168341064
0.993910263062 2.82152633667
0.998301437378 2.82195123291
1.0023339386 2.82224200439
1.00623536682 2.82155493164
1.01059906006 2.82140258789
1.01438420105 2.82124490356
1.018503479 2.82104934692
1.02179844666 2.82085354614
1.02408312988 2.8206661377
1.02873426819 2.8200604248
1.03242614746 2.81992575073
1.03564337158 2.81973608398
1.03878282166 2.81956546021
1.04258744812 2.81951293945
1.0452355957 2.8185302124
1.04819361877 2.81756378174
1.05148298645 2.81716091919
1.05424351501 2.81686743164
1.0562121582 2.81601132202
1.06019136047 2.81602706909
1.06277705383 2.81531863403
1.06443449402 2.81417962646
1.06625770569 2.81349478149
1.06865252686 2.81286126709
1.07087043762 2.81231338501
1.0719238739 2.81173205566
1.07497915649 2.81127023315
1.07744285583 2.81073178101
1.07949278259 2.81054504395
1.08161398315 2.80999118042
1.08354072571 2.80928182983
1.08552261353 2.8087361145
1.08720706177 2.8079395752
1.08918629456 2.80746444702
1.09094567871 2.80705541992
1.09242816162 2.80643328857
1.09460980225 2.80579678345
1.09603276062 2.80511123657
1.09740103149 2.80443118286
1.09889892578 2.80385189819
1.10056602478 2.80310845947
1.10213102722 2.80253994751
1.10250134277 2.80221673584
1.10401937866 2.80166351318
1.10614550781 2.80081451416
1.10757141113 2.80016717529
1.10887130737 2.79969537354
1.10998553467 2.79910406494
1.11125431824 2.79852230835
1.11251617432 2.79788302612
1.11379859924 2.797284729
1.11494044495 2.79697540283
1.11567575073 2.79642764282
1.11706880188 2.79583163452
1.11792086792 2.79517382812
1.11888618469 2.7945690918
1.11967053223 2.79407833862
1.12060151672 2.7935138855
1.12147200012 2.79299438477
1.1216448822 2.79279125977
1.12255384827 2.79220111084
1.12401167297 2.79148248291
1.1247303772 2.79093435669
1.12557556152 2.79060906982
1.1262331543 2.79008551025
1.12703620911 2.78956326294
1.12782025146 2.78902938843
1.12847967529 2.78869702148
1.12922103882 2.78830621338
1.12975395203 2.78791513062
1.1307127533 2.78735287476
1.13134220886 2.78691085815
1.1316461792 2.78650344849
1.13229315186 2.78617062378
1.1329491272 2.78568035889
1.1335581665 2.78531063843
1.13333488464 2.78520108032
1.1338661499 2.78480941772
1.13486523438 2.78421252441
1.13525378418 2.78385656738
1.13571125793 2.7836144104
1.13623051453 2.78320761108
1.13652764893 2.78297381592
1.13703419495 2.78263024902
1.13751345825 2.78223742676
1.13789997864 2.78204095459
1.13809204102 2.78181121826
1.13861521912 2.78137661743
1.13889286804 2.78106103516
1.13919715881 2.78076748657
1.13948553467 2.78046286011
1.13980166626 2.7801762085
1.14016893005 2.77995275879
1.13979968262 2.77995245361
1.14023603821 2.77960855103
1.14095837402 2.7790994873
1.14132685852 2.77883557129
1.14158618164 2.77867132568
1.14182818604 2.77846594238
1.14215708923 2.77816433716
1.14225631714 2.77792709351
1.14270939636 2.77763272095
1.14288949585 2.77740322876
1.14312487793 2.77734738159
1.14322964478 2.77707739258
1.14357791138 2.77681289673
1.14375791931 2.77653717041
1.14400827026 2.77636437988
1.14406271362 2.77625857544
1.1442688446 2.77609118652
1.1441716156 2.77599615479
1.14431748962 2.77582870483
1.14490202332 2.77542520142
1.14503210449 2.77529507446
1.14477662659 2.77534973145
1.14530430603 2.77496551514
1.14539051819 2.77494235229
1.14514610291 2.77484454346
1.14565208435 2.77456539917
1.14561270142 2.77457058716
1.14569024658 2.77460293579
1.14568119812 2.77441265869
1.14594140625 2.7742796936
